 -1.428571428571e-01
 -1.428571428571e-01
 -1.428571428571e-01
 -1.428571428571e-01
 -1.428571428571e-01
 -1.428571428571e-01
 -1.428571428571e-01
 -1.428571428571e-01
 -1.428571428571e-01
 -1.428571428571e-01
 -1.428571428571e-01
 -1.428571428571e-01
 -1.428571428571e-01
 -1.428571428571e-01
 -1.428571428571e-01
 -1.428571428571e-01
 -1.428571428571e-01
 -1.428571428571e-01
 -1.428571428571e-01
 -1.428571428571e-01
 -1.428571428571e-01
 -1.428571428571e-01
 -1.428571428571e-01
 -1.428571428571e-01
 -1.428571428571e-01
 -1.428571428571e-01
 -1.428571428571e-01
 -1.428571428571e-01
 -1.428571428571e-01
 -1.428571428571e-01
 -1.428571428571e-01
 -1.428571428571e-01
 -1.428571428571e-01
 -1.428571428571e-01
 -1.428571428571e-01
 -1.428571428571e-01
 -1.428571428571e-01
 -1.428571428571e-01
 -1.428571428571e-01
 -1.428571428571e-01
 -1.428571428571e-01
 -1.428571428571e-01
 -1.428571428571e-01
 -1.428571428571e-01
 -1.428571428571e-01
 -1.428571428571e-01
 -1.428571428571e-01
 -1.428571428571e-01
 -1.428571428571e-01
 -2.142857142857e-01
 -1.428571428571e-01
 -7.142857142857e-02
  6.938893903907e-18
  7.142857142857e-02
  1.428571428571e-01
  2.142857142857e-01
 -2.142857142857e-01
 -1.428571428571e-01
 -7.142857142857e-02
  6.938893903907e-18
  7.142857142857e-02
  1.428571428571e-01
  2.142857142857e-01
 -2.142857142857e-01
 -1.428571428571e-01
 -7.142857142857e-02
  6.938893903907e-18
  7.142857142857e-02
  1.428571428571e-01
  2.142857142857e-01
 -2.142857142857e-01
 -1.428571428571e-01
 -7.142857142857e-02
  6.938893903907e-18
  7.142857142857e-02
  1.428571428571e-01
  2.142857142857e-01
 -2.142857142857e-01
 -1.428571428571e-01
 -7.142857142857e-02
  6.938893903907e-18
  7.142857142857e-02
  1.428571428571e-01
  2.142857142857e-01
 -2.142857142857e-01
 -1.428571428571e-01
 -7.142857142857e-02
  6.938893903907e-18
  7.142857142857e-02
  1.428571428571e-01
  2.142857142857e-01
 -2.142857142857e-01
 -1.428571428571e-01
 -7.142857142857e-02
  6.938893903907e-18
  7.142857142857e-02
  1.428571428571e-01
  2.142857142857e-01
 -2.142857142857e-01
 -2.142857142857e-01
 -2.142857142857e-01
 -2.142857142857e-01
 -2.142857142857e-01
 -2.142857142857e-01
 -2.142857142857e-01
 -1.428571428571e-01
 -1.428571428571e-01
 -1.428571428571e-01
 -1.428571428571e-01
 -1.428571428571e-01
 -1.428571428571e-01
 -1.428571428571e-01
 -7.142857142857e-02
 -7.142857142857e-02
 -7.142857142857e-02
 -7.142857142857e-02
 -7.142857142857e-02
 -7.142857142857e-02
 -7.142857142857e-02
 -3.469446951954e-18
  3.469446951954e-18
 -3.469446951954e-18
  0.000000000000e+00
  3.469446951954e-18
  6.938893903907e-18
  6.938893903907e-18
  7.142857142857e-02
  7.142857142857e-02
  7.142857142857e-02
  7.142857142857e-02
  7.142857142857e-02
  7.142857142857e-02
  7.142857142857e-02
  1.428571428571e-01
  1.428571428571e-01
  1.428571428571e-01
  1.428571428571e-01
  1.428571428571e-01
  1.428571428571e-01
  1.428571428571e-01
  2.142857142857e-01
  2.142857142857e-01
  2.142857142857e-01
  2.142857142857e-01
  2.142857142857e-01
  2.142857142857e-01
  2.142857142857e-01
  2.916059217599e-01
  1.458029608800e-01
  5.832118435198e-02
  2.916059217599e-02
  5.832118435198e-02
  1.458029608800e-01
  2.916059217599e-01
  1.458029608800e-01
 -6.938893903907e-18
 -8.748177652797e-02
 -1.166423687040e-01
 -8.748177652797e-02
 -1.387778780781e-17
  1.458029608800e-01
  5.832118435198e-02
 -8.748177652797e-02
 -1.749635530559e-01
 -2.041241452319e-01
 -1.749635530559e-01
 -8.748177652797e-02
  5.832118435198e-02
  2.916059217599e-02
 -1.166423687040e-01
 -2.041241452319e-01
 -2.332847374079e-01
 -2.041241452319e-01
 -1.166423687040e-01
  2.916059217599e-02
  5.832118435198e-02
 -8.748177652797e-02
 -1.749635530559e-01
 -2.041241452319e-01
 -1.749635530559e-01
 -8.748177652797e-02
  5.832118435198e-02
  1.458029608800e-01
  6.938893903907e-18
 -8.748177652797e-02
 -1.166423687040e-01
 -8.748177652797e-02
  0.000000000000e+00
  1.458029608800e-01
  2.916059217599e-01
  1.458029608800e-01
  5.832118435198e-02
  2.916059217599e-02
  5.832118435198e-02
  1.458029608800e-01
  2.916059217599e-01
 -1.609693261686e-01
  5.040594714656e-02
 -2.272196874227e-01
 -2.750158105532e-02
  9.365768415975e-01
 -7.273631233551e-02
 -8.369741113198e-02
 -2.585305755347e-02
 -2.857443203279e-02
 -3.294375137553e-02
 -3.896101558171e-02
 -4.662622465132e-02
 -5.593937858436e-02
 -6.690047738083e-02
 -1.070406866575e-02
 -1.342544314507e-02
 -1.779476248781e-02
 -2.381202669399e-02
 -3.147723576360e-02
 -4.079038969664e-02
 -5.175148849311e-02
  2.796975358534e-03
  7.560087922059e-05
 -4.293718463524e-03
 -1.031098266970e-02
 -1.797619173931e-02
 -2.728934567235e-02
 -3.825044446882e-02
  1.465007451939e-02
  1.192870004008e-02
  7.559380697332e-03
  1.542116491155e-03
 -6.123092578454e-03
 -1.543624651150e-02
 -2.639734530797e-02
  2.485522881681e-02
  2.213385433750e-02
  1.776453499476e-02
  1.174727078858e-02
  4.082061718970e-03
 -5.231092214071e-03
 -1.619219101054e-02
  3.341243825081e-02
  3.069106377149e-02
  2.632174442875e-02
  2.030448022257e-02
  1.263927115296e-02
  3.326117219921e-03
 -7.634981576552e-03
 -1.986445048165e-01
  1.057685042124e-01
 -2.611349020104e-01
  5.550657455608e-02
 -8.154808489637e-02
  8.961460816245e-01
 -1.332665140781e-01
 -3.113416784221e-02
 -2.501295242711e-02
 -2.599849923555e-02
 -3.409080826755e-02
 -4.928987952309e-02
 -7.159571300219e-02
 -1.010083087048e-01
 -5.982724692494e-03
  1.384907226116e-04
 -8.470560858335e-04
 -8.939365117829e-03
 -2.413843637337e-02
 -4.644426985247e-02
 -7.585686555512e-02
  1.206195623368e-02
  1.818317164878e-02
  1.719762484034e-02
  9.105315808341e-03
 -6.093755447204e-03
 -2.839958892630e-02
 -5.781218462895e-02
  2.299987493630e-02
  2.912109035140e-02
  2.813554354296e-02
  2.004323451096e-02
  4.844163255415e-03
 -1.746167022368e-02
 -4.687426592633e-02
  2.683103141537e-02
  3.295224683047e-02
  3.196670002203e-02
  2.387439099003e-02
  8.675319734485e-03
 -1.363051374461e-02
 -4.304310944726e-02
  2.355542567088e-02
  2.967664108599e-02
  2.869109427755e-02
  2.059878524555e-02
  5.399713990004e-03
 -1.690611948909e-02
 -4.631871519174e-02
 -2.620157732840e-01
  1.517940383196e-01
 -3.106340992645e-01
  1.917977015174e-01
 -1.060904936334e-01
 -1.465791483964e-01
  7.969906190992e-01
 -4.671940893247e-02
 -2.344175272987e-02
 -1.610567426866e-02
 -2.471117354885e-02
 -4.925825057044e-02
 -8.974690533342e-02
 -1.461771378378e-01
 -5.828743610883e-03
  1.744891259172e-02
  2.478499105292e-02
  1.617949177273e-02
 -8.367585248855e-03
 -4.885624001183e-02
 -1.052864725162e-01
  1.912034396931e-02
  4.239800017190e-02
  4.973407863311e-02
  4.112857935292e-02
  1.658150233133e-02
 -2.390715243164e-02
 -8.033738493602e-02
  2.812785380810e-02
  5.140551001070e-02
  5.874158847190e-02
  5.013608919171e-02
  2.558901217013e-02
 -1.489964259285e-02
 -7.132987509722e-02
  2.119378590551e-02
  4.447144210810e-02
  5.180752056931e-02
  4.320202128912e-02
  1.865494426753e-02
 -2.183371049545e-02
 -7.826394299982e-02
 -1.681859738487e-03
  2.159579646411e-02
  2.893187492531e-02
  2.032637564512e-02
 -4.220701376460e-03
 -4.470935613944e-02
 -1.011395886438e-01
 -1.993051083708e-01
 -2.320751334194e-01
 -1.364283770682e-01
  5.298927705651e-02
 -2.706457195472e-02
 -2.325437216970e-02
 -2.463814146318e-02
  9.248942535528e-01
 -5.051967034824e-02
 -3.112756332773e-02
 -1.692942538572e-02
 -7.925256522203e-03
 -4.115056737182e-03
 -5.498826030657e-03
 -6.116040009321e-02
 -3.657432399421e-02
 -1.718221697370e-02
 -2.984079031693e-03
  6.020089831822e-03
  9.830289616843e-03
  8.446520323368e-03
 -5.240902281768e-02
 -2.782294671868e-02
 -8.430839698175e-03
  5.767298243837e-03
  1.477146710735e-02
  1.858166689237e-02
  1.719789759890e-02
 -4.885161462065e-02
 -2.426553852165e-02
 -4.873431501140e-03
  9.324706440871e-03
  1.832887530439e-02
  2.213907508941e-02
  2.075530579593e-02
 -5.048817550211e-02
 -2.590209940311e-02
 -6.509992382601e-03
  7.688145559410e-03
  1.669231442293e-02
  2.050251420795e-02
  1.911874491447e-02
 -5.731870546207e-02
 -3.273262936306e-02
 -1.334052234256e-02
  8.576155994538e-04
  9.861784462970e-03
  1.367198424799e-02
  1.228821495452e-02
 -1.341959277400e-01
 -1.393644845189e-01
 -1.080076609898e-01
 -7.713445273195e-02
 -1.951956947600e-02
 -7.941482285726e-03
  6.487811096833e-03
 -3.917033352993e-02
  9.610029288912e-01
 -3.597260249539e-02
 -3.009692768970e-02
 -2.137004669171e-02
 -9.791959501438e-03
  4.637333881122e-03
 -3.816960455335e-02
 -3.799634213223e-02
 -3.497187351882e-02
 -2.909619871312e-02
 -2.036931771514e-02
 -8.791230524863e-03
  5.638062857697e-03
 -3.431766938449e-02
 -3.414440696337e-02
 -3.111993834996e-02
 -2.524426354426e-02
 -1.651738254627e-02
 -4.939295356000e-03
  9.489998026560e-03
 -2.761452802334e-02
 -2.744126560222e-02
 -2.441679698881e-02
 -1.854112218311e-02
 -9.814241185123e-03
  1.763846005149e-03
  1.619313938771e-02
 -1.806018046991e-02
 -1.788691804878e-02
 -1.486244943537e-02
 -8.986774629672e-03
 -2.598936316866e-04
  1.131819355859e-02
  2.574748694115e-02
 -5.654626724183e-03
 -5.481364303059e-03
 -2.456895689647e-03
  3.418779116051e-03
  1.214566011404e-02
  2.372374730431e-02
  3.815304068687e-02
 -9.478283692887e-02
 -5.599085857700e-02
 -9.517092757786e-02
 -1.539752111705e-01
 -1.839204924043e-02
 -4.236216382732e-03
  1.743999978031e-02
 -1.353905141413e-02
 -2.946475177781e-02
  9.621299311639e-01
 -3.875500258914e-02
 -3.211955303679e-02
 -1.796372017909e-02
  3.712495983955e-03
 -1.974617190515e-02
 -3.567187226883e-02
 -4.407718932716e-02
 -4.496212308015e-02
 -3.832667352780e-02
 -2.417084067010e-02
 -2.494624507057e-03
 -1.843290909081e-02
 -3.435860945449e-02
 -4.276392651283e-02
 -4.364886026582e-02
 -3.701341071346e-02
 -2.285757785577e-02
 -1.181361692725e-03
 -9.599262971137e-03
 -2.552496333482e-02
 -3.393028039315e-02
 -3.481521414614e-02
 -2.817976459379e-02
 -1.402393173609e-02
  7.652284426952e-03
  6.754766453884e-03
 -9.170933909795e-03
 -1.757625096813e-02
 -1.846118472112e-02
 -1.182573516877e-02
  2.330097688931e-03
  2.400631385197e-02
  3.062917918425e-02
  1.470347882057e-02
  6.298161762235e-03
  5.413228009244e-03
  1.204867756160e-02
  2.620451041930e-02
  4.788072658234e-02
 -8.106583593741e-02
  1.804574440620e-02
 -9.791817683247e-02
 -1.775329982590e-01
 -2.368201124802e-02
 -1.213857446072e-02
  8.218424587254e-03
  1.788099900149e-03
 -2.192271235526e-02
 -3.681996234999e-02
  9.570963499160e-01
 -4.017377555743e-02
 -2.863033877013e-02
 -8.273339722159e-03
 -5.890102148587e-03
 -2.960091440400e-02
 -4.449816439873e-02
 -5.058185213278e-02
 -4.785197760616e-02
 -3.630854081887e-02
 -1.595154177090e-02
 -4.754741936647e-03
 -2.846555419206e-02
 -4.336280418679e-02
 -4.944649192084e-02
 -4.671661739422e-02
 -3.517318060693e-02
 -1.481618155896e-02
  5.194180535969e-03
 -1.851663171944e-02
 -3.341388171417e-02
 -3.949756944823e-02
 -3.676769492161e-02
 -2.522425813431e-02
 -4.867259086339e-03
  2.395666526926e-02
  2.458530138525e-04
 -1.465139698088e-02
 -2.073508471494e-02
 -1.800521018832e-02
 -6.461773401019e-03
  1.389522564695e-02
  5.153271226323e-02
  2.782190000782e-02
  1.292465001309e-02
  6.840962279033e-03
  9.570836805653e-03
  2.111427359295e-02
  4.147127264092e-02
 -9.304492476562e-02
  8.274532443073e-02
 -1.162494087536e-01
 -1.478078139976e-01
 -3.538945549876e-02
 -3.164855651969e-02
 -2.117691448234e-02
  6.811120412921e-03
 -1.637095284114e-02
 -3.282228303692e-02
 -4.254287017442e-02
  9.544672857464e-01
 -4.179181527457e-02
 -3.132017323722e-02
  3.398604716322e-03
 -1.978346853774e-02
 -3.623479873352e-02
 -4.595538587102e-02
 -4.894522995024e-02
 -4.520433097117e-02
 -3.473268893382e-02
  6.716832078007e-03
 -1.646524117606e-02
 -3.291657137184e-02
 -4.263715850934e-02
 -4.562700258855e-02
 -4.188610360948e-02
 -3.141446157213e-02
  1.676580249797e-02
 -6.416270756089e-03
 -2.286760095187e-02
 -3.258818808937e-02
 -3.557803216858e-02
 -3.183713318952e-02
 -2.136549115216e-02
  3.354551597623e-02
  1.036344272216e-02
 -6.087887473619e-03
 -1.580847461112e-02
 -1.879831869033e-02
 -1.505741971126e-02
 -4.585777673913e-03
  5.705597251276e-02
  3.387389925870e-02
  1.742256906291e-02
  7.701981925417e-03
  4.712137846202e-03
  8.453036825270e-03
  1.892467886262e-02
 -1.307201034135e-01
  1.381078814966e-01
 -1.501646233413e-01
 -6.479965838616e-02
 -5.351438199265e-02
 -6.276616255964e-02
 -7.074601742846e-02
  1.530010124181e-03
 -1.280947323547e-02
 -2.587703089695e-02
 -3.767266286026e-02
 -4.819636912541e-02
  9.425518503076e-01
 -6.542800456122e-02
  8.119948689583e-03
 -6.219534670063e-03
 -1.928709233154e-02
 -3.108272429486e-02
 -4.160643056001e-02
 -5.085821112700e-02
 -5.883806599582e-02
  1.598181295315e-02
  1.642329593504e-03
 -1.142522806798e-02
 -2.322086003129e-02
 -3.374456629645e-02
 -4.299634686343e-02
 -5.097620173225e-02
  2.511560291488e-02
  1.077611955524e-02
 -2.291438106245e-03
 -1.408707006956e-02
 -2.461077633471e-02
 -3.386255690170e-02
 -4.184241177052e-02
  3.552131857478e-02
  2.118183521513e-02
  8.114277553651e-03
 -3.681354409665e-03
 -1.420506067482e-02
 -2.345684124180e-02
 -3.143669611063e-02
  4.719895993284e-02
  3.285947657319e-02
  1.979191891171e-02
  7.996286948396e-03
 -2.527419316756e-03
 -1.177919988374e-02
 -1.975905475256e-02
 -1.940913718810e-01
  1.841334156037e-01
 -1.996638205955e-01
  7.149146857521e-02
 -7.805679072970e-02
 -1.054913925806e-01
 -1.404888842511e-01
 -1.405523096607e-02
 -1.123827353822e-02
 -1.598420593006e-02
 -2.829302814157e-02
 -4.816474017276e-02
 -7.559934202363e-02
  8.894031663058e-01
  8.273929771194e-03
  1.109088719904e-02
  6.344954807208e-03
 -5.963867404303e-03
 -2.583557943549e-02
 -5.327018128636e-02
 -8.826767295691e-02
  2.304020068878e-02
  2.585715811663e-02
  2.111122572479e-02
  8.802403513284e-03
 -1.106930851791e-02
 -3.850391036878e-02
 -7.350140203932e-02
  3.024358178669e-02
  3.306053921453e-02
  2.831460682270e-02
  1.600578461119e-02
 -3.865927419999e-03
 -3.130052927087e-02
 -6.629802094141e-02
  2.988407306492e-02
  3.270103049276e-02
  2.795509810093e-02
  1.564627588942e-02
 -4.225436141770e-03
 -3.166003799264e-02
 -6.665752966319e-02
  2.196167452347e-02
  2.477863195131e-02
  2.003269955948e-02
  7.723877347970e-03
 -1.214783468322e-02
 -3.958243653409e-02
 -7.457992820464e-02
 -1.570767967874e-01
 -2.090727790940e-01
 -4.104208106564e-02
 -1.403398453576e-02
 -5.448351294164e-03
  6.225759665138e-03
  1.770859130994e-02
 -5.274569928235e-02
 -4.030647106503e-02
 -2.805852216221e-02
 -1.600185257390e-02
 -4.136462300089e-03
  7.537648659213e-03
  1.902048030401e-02
  9.483749103972e-01
 -3.918586138546e-02
 -2.693791248264e-02
 -1.488124289433e-02
 -3.015852620520e-03
  8.658258338783e-03
  2.014108998358e-02
 -5.069575923772e-02
 -3.825653102040e-02
 -2.600858211758e-02
 -1.395191252926e-02
 -2.086522255456e-03
  9.587588703847e-03
  2.107042034864e-02
 -4.995770818716e-02
 -3.751847996984e-02
 -2.527053106702e-02
 -1.321386147871e-02
 -1.348471204897e-03
  1.032563975441e-02
  2.180847139920e-02
 -4.941093645111e-02
 -3.697170823379e-02
 -2.472375933097e-02
 -1.266708974265e-02
 -8.016994688441e-04
  1.087241149046e-02
  2.235524313526e-02
 -4.905544402956e-02
 -3.661621581224e-02
 -2.436826690942e-02
 -1.231159732110e-02
 -4.462070472965e-04
  1.122790391201e-02
  2.271073555680e-02
 -9.196761615665e-02
 -1.163621301934e-01
 -1.262136498721e-02
 -1.441577143242e-01
  2.096651184560e-03
  2.153864954911e-02
  4.883454386995e-02
 -1.681028636505e-02
 -2.878387182560e-02
 -3.290356132988e-02
 -2.916935487787e-02
 -1.758125246960e-02
  1.860745894958e-03
  2.915664021579e-02
 -2.863429406293e-02
  9.593921204765e-01
 -4.472756902776e-02
 -4.099336257576e-02
 -2.940526016748e-02
 -9.963261802922e-03
  1.733263251791e-02
 -3.260440580453e-02
 -4.457799126508e-02
 -4.869768076936e-02
 -4.496347431736e-02
 -3.337537190908e-02
 -1.393337354453e-02
  1.336252077631e-02
 -2.872062158986e-02
 -4.069420705041e-02
 -4.481389655469e-02
 -4.107969010268e-02
 -2.949158769441e-02
 -1.004958932985e-02
  1.724630499098e-02
 -1.698294141891e-02
 -2.895652687946e-02
 -3.307621638374e-02
 -2.934200993173e-02
 -1.775390752346e-02
  1.688090841098e-03
  2.898398516193e-02
  2.608634708321e-03
 -9.364950752232e-03
 -1.348464025651e-02
 -9.750433804507e-03
  1.837668603771e-03
  2.127966696833e-02
  4.857556128916e-02
 -5.255452534553e-02
 -3.298850425151e-02
  2.153684246991e-04
 -2.209984727627e-01
  3.224171420129e-03
  2.524391545211e-02
  5.978673255342e-02
  8.820995750748e-03
 -1.925155249461e-02
 -3.480102767063e-02
 -3.782742977732e-02
 -2.833075881467e-02
 -6.311014782692e-03
  2.823180231862e-02
 -1.021086141472e-02
 -3.828340966008e-02
  9.461671151639e-01
 -5.685928694279e-02
 -4.736261598014e-02
 -2.534287194816e-02
  9.199945153155e-03
 -1.671964551085e-02
 -4.479219375621e-02
 -6.034166893223e-02
 -6.336807103892e-02
 -5.387140007627e-02
 -3.185165604429e-02
  2.691161057022e-03
 -1.070535653765e-02
 -3.877790478301e-02
 -5.432737995903e-02
 -5.735378206572e-02
 -4.785711110307e-02
 -2.583736707109e-02
  8.705450030222e-03
  7.832005504883e-03
 -2.024054274047e-02
 -3.579001791650e-02
 -3.881642002318e-02
 -2.931974906054e-02
 -7.300005028557e-03
  2.724281207276e-02
  3.889244061675e-02
  1.081989237140e-02
 -4.729582804626e-03
 -7.755984911314e-03
  1.740686051332e-03
  2.376043008331e-02
  5.830324718463e-02
 -3.883752435407e-02
  4.104809873169e-02
 -2.531880829916e-03
 -2.445562598513e-01
 -2.065790587456e-03
  1.734155737412e-02
  5.056515736037e-02
  2.414814706503e-02
 -1.170951307205e-02
 -3.375092118447e-02
 -4.197607727223e-02
 -3.638498133531e-02
 -1.697763337374e-02
  1.624596661251e-02
  3.645208341840e-03
 -3.221245179525e-02
 -5.425385990767e-02
  9.375209840046e-01
 -5.688792005851e-02
 -3.748057209693e-02
 -4.256972110683e-03
 -3.041478356686e-03
 -3.889913849377e-02
 -6.094054660619e-02
 -6.916570269394e-02
 -6.357460675703e-02
 -4.416725879545e-02
 -1.094365880921e-02
  4.088086969454e-03
 -3.176957316763e-02
 -5.381098128005e-02
 -6.203613736780e-02
 -5.644504143089e-02
 -3.703769346931e-02
 -3.814093483068e-03
  2.503390432026e-02
 -1.082375581683e-02
 -3.286516392924e-02
 -4.109032001700e-02
 -3.549922408009e-02
 -1.609187611851e-02
  1.713172386774e-02
  5.979597369573e-02
  2.393831355865e-02
  1.896905446228e-03
 -6.328250641526e-03
 -7.371547046131e-04
  1.867019325697e-02
  5.189379324321e-02
 -5.081661318228e-02
  1.057476787562e-01
 -2.086311275105e-02
 -2.148310755898e-01
 -1.377323483820e-02
 -2.168424684846e-03
  2.116981829078e-02
  2.917116757780e-02
 -6.157753557937e-03
 -2.975324187141e-02
 -4.161529736260e-02
 -4.174392003152e-02
 -3.013910987817e-02
 -6.800866902550e-03
  1.293391520675e-02
 -2.239500592899e-02
 -4.599049424246e-02
 -5.785254973366e-02
  9.420188275974e-01
 -4.637636224923e-02
 -2.303811927360e-02
  8.430095657969e-03
 -2.689882547777e-02
 -5.049431379124e-02
 -6.235636928244e-02
 -6.248499195136e-02
 -5.088018179801e-02
 -2.754193882239e-02
  1.565970893146e-02
 -1.966921220428e-02
 -4.326470051775e-02
 -5.512675600894e-02
 -5.525537867787e-02
 -4.365056852452e-02
 -2.031232554889e-02
  3.462275502723e-02
 -7.061661085158e-04
 -2.430165442198e-02
 -3.616370991318e-02
 -3.629233258210e-02
 -2.468752242875e-02
 -1.349279453128e-03
  6.531923394526e-02
  2.999031280952e-02
  6.394824496054e-03
 -5.467230995142e-03
 -5.595853664064e-03
  6.008956489286e-03
  2.934719946491e-02
 -8.849179183016e-02
  1.611102358221e-01
 -5.477832733872e-02
 -1.318229199784e-01
 -3.189816133209e-02
 -3.328603072480e-02
 -2.839928465535e-02
  2.389005728906e-02
 -2.596273952259e-03
 -2.280798973143e-02
 -3.674509004844e-02
 -4.440757490330e-02
 -4.579544429601e-02
 -4.090869822656e-02
  1.765525918001e-02
 -8.831072061313e-03
 -2.904278784048e-02
 -4.297988815749e-02
 -5.064237301235e-02
  9.479697575949e-01
 -4.714349633561e-02
  1.769507653311e-02
 -8.791254708212e-03
 -2.900297048738e-02
 -4.294007080439e-02
 -5.060255565925e-02
 -5.199042505196e-02
 -4.710367898251e-02
  2.400950934837e-02
 -2.476821892956e-03
 -2.268853767212e-02
 -3.662563798914e-02
 -4.428812284400e-02
 -4.567599223670e-02
 -4.078924616725e-02
  3.659855762578e-02
  1.011222638445e-02
 -1.009948939471e-02
 -2.403658971173e-02
 -3.169907456659e-02
 -3.308694395929e-02
 -2.820019788984e-02
  5.546222136534e-02
  2.897589012402e-02
  8.764174344851e-03
 -5.172925972163e-03
 -1.283541082702e-02
 -1.422328021973e-02
 -9.336534150277e-03
 -1.518630602977e-01
  2.071357699292e-01
 -1.042775245929e-01
  4.468206982935e-03
 -5.644057006914e-02
 -7.601126074573e-02
 -9.814215147801e-02
  8.304816198812e-03
 -1.025074255019e-03
 -1.291516476454e-02
 -2.736545532975e-02
 -4.437594595064e-02
 -6.394663662723e-02
 -8.607752735951e-02
  1.780924026162e-02
  8.479349807791e-03
 -3.410740701729e-03
 -1.786103126694e-02
 -3.487152188783e-02
 -5.444221256442e-02
  9.234268967033e-01
  2.475346426874e-02
  1.542357381491e-02
  3.533483305392e-03
 -1.091680725982e-02
 -2.792729788071e-02
 -4.749798855730e-02
 -6.962887928958e-02
  2.913748822017e-02
  1.980759776634e-02
  7.917507256824e-03
 -6.532783308385e-03
 -2.354327392928e-02
 -4.311396460587e-02
 -6.524485533814e-02
  3.096131211592e-02
  2.163142166209e-02
  9.741331152567e-03
 -4.708959412642e-03
 -2.171945003354e-02
 -4.129014071013e-02
 -6.342103144240e-02
  3.022493595597e-02
  2.089504550214e-02
  9.004954992620e-03
 -5.445335572588e-03
 -2.245582619349e-02
 -4.202651687007e-02
 -6.415740760235e-02
 -1.405445750238e-01
 -1.954074477272e-01
  3.876023227039e-02
 -2.777427477806e-02
  9.750387123240e-03
  2.409826751900e-02
  3.988156020652e-02
 -4.068978291898e-02
 -3.208355169026e-02
 -2.204190816978e-02
 -1.056485235754e-02
  2.347615746457e-03
  1.669549614222e-02
  3.247878882973e-02
 -4.665714200401e-02
 -3.805091077529e-02
 -2.800926725481e-02
 -1.653221144257e-02
 -3.619743338567e-03
  1.072813705719e-02
  2.651142974471e-02
  9.488109112027e-01
 -4.258285756855e-02
 -3.254121404807e-02
 -2.106415823583e-02
 -8.151690131831e-03
  6.196190263927e-03
  2.197948295144e-02
 -5.428562329878e-02
 -4.567939207006e-02
 -3.563774854957e-02
 -2.416069273734e-02
 -1.124822463334e-02
  3.099655762422e-03
  1.888294844994e-02
 -5.594674550852e-02
 -4.734051427980e-02
 -3.729887075932e-02
 -2.582181494708e-02
 -1.290934684308e-02
  1.438533552676e-03
  1.722182624019e-02
 -5.617245542651e-02
 -4.756622419779e-02
 -3.752458067731e-02
 -2.604752486507e-02
 -1.313505676107e-02
  1.212823634689e-03
  1.699611632221e-02
 -7.543539439297e-02
 -1.026967988266e-01
  6.718094834882e-02
 -1.578980045665e-01
  1.729538960196e-02
  3.941115740297e-02
  7.100751276653e-02
 -4.754370001676e-03
 -2.056095245083e-02
 -2.688694733745e-02
 -2.373235466152e-02
 -1.109717442305e-02
  1.101859337796e-02
  4.261494874151e-02
 -2.366634646415e-02
 -3.947292891331e-02
 -4.579892379992e-02
 -4.264433112399e-02
 -3.000915088552e-02
 -7.893383084514e-03
  2.370297227904e-02
 -3.309773536408e-02
  9.510956821868e-01
 -5.523031269985e-02
 -5.207572002392e-02
 -3.944053978546e-02
 -1.732477198445e-02
  1.427158337911e-02
 -3.304853670147e-02
 -4.885511915063e-02
 -5.518111403724e-02
 -5.202652136131e-02
 -3.939134112285e-02
 -1.727557332184e-02
  1.432078204172e-02
 -2.351875047632e-02
 -3.932533292548e-02
 -4.565132781209e-02
 -4.249673513616e-02
 -2.986155489769e-02
 -7.745787096684e-03
  2.385056826687e-02
 -4.508376688627e-03
 -2.031495913778e-02
 -2.664095402440e-02
 -2.348636134847e-02
 -1.085118111000e-02
  1.126458669101e-02
  4.286094205456e-02
 -3.602230358185e-02
 -1.932317288471e-02
  8.001768176073e-02
 -2.347387630050e-01
  1.842290983753e-02
  4.311642330597e-02
  8.195970145000e-02
  2.087691211412e-02
 -1.102863311984e-02
 -2.878441367820e-02
 -3.239042956096e-02
 -2.184668076813e-02
  2.846832700310e-03
  4.169011084434e-02
 -5.242913815941e-03
 -3.714845904990e-02
 -5.490423960826e-02
 -5.851025549102e-02
 -4.796650669819e-02
 -2.327299322975e-02
  1.557028491428e-02
 -1.721297507040e-02
 -4.911852030436e-02
  9.331256991373e-01
 -7.048031674548e-02
 -5.993656795265e-02
 -3.524305448421e-02
  3.600223659822e-03
 -1.503327164927e-02
 -4.693881688323e-02
 -6.469459744159e-02
 -6.830061332435e-02
 -5.775686453151e-02
 -3.306335106308e-02
  5.779927080959e-03
  1.296196447470e-03
 -3.060934878649e-02
 -4.836512934485e-02
 -5.197114522761e-02
 -4.142739643478e-02
 -1.673388296634e-02
  2.210939517769e-02
  3.177542921980e-02
 -1.301160141546e-04
 -1.788589657252e-02
 -2.149191245528e-02
 -1.094816366244e-02
  1.374534980600e-02
  5.258862795003e-02
 -2.230530259039e-02
  5.471343009850e-02
  7.727043250612e-02
 -2.582965500936e-01
  1.313294782995e-02
  3.521406522798e-02
  7.273812625695e-02
  3.620406342840e-02
 -3.486593697286e-03
 -2.773430719204e-02
 -3.653907705587e-02
 -2.990090328877e-02
 -7.819785890734e-03
  2.970427513823e-02
  8.613155940618e-03
 -3.107750118507e-02
 -5.532521467983e-02
 -6.412998454366e-02
 -5.749181077655e-02
 -3.541069337852e-02
  2.113367650446e-03
 -3.534807916236e-03
 -4.322546504193e-02
 -6.747317853668e-02
  9.237220515995e-01
 -6.963977463341e-02
 -4.755865723537e-02
 -1.003459620641e-02
 -2.398281421596e-04
 -3.993048526785e-02
 -6.417819876261e-02
 -7.298296862643e-02
 -6.634479485933e-02
 -4.426367746130e-02
 -6.739616432332e-03
  1.849809526285e-02
 -2.119256186284e-02
 -4.544027535760e-02
 -5.424504522143e-02
 -4.760687145432e-02
 -2.552575405629e-02
  1.199830697268e-02
  5.267896229879e-02
  1.298830517310e-02
 -1.125940832166e-02
 -2.006417818549e-02
 -1.342600441839e-02
  8.655112979649e-03
  4.617917400861e-02
 -3.428439141860e-02
  1.194130101230e-01
  5.893920058498e-02
 -2.285713658321e-01
  1.425503579207e-03
  1.570408316901e-02
  4.334278718736e-02
  4.122708394118e-02
  2.065165816830e-03
 -2.373662787898e-02
 -3.617829714625e-02
 -3.525984198498e-02
 -2.098126239517e-02
  6.657441623172e-03
  1.790186280553e-02
 -2.126005531882e-02
 -4.706184901462e-02
 -5.950351828189e-02
 -5.858506312062e-02
 -4.430648353082e-02
 -1.666777951248e-02
  7.936766098419e-03
 -3.122515202593e-02
 -5.702694572173e-02
 -6.946861498900e-02
  9.314498401723e-01
 -5.427158023793e-02
 -2.663287621958e-02
  1.133179381985e-02
 -2.783012430450e-02
 -5.363191800030e-02
 -6.607358726757e-02
 -6.515513210631e-02
 -5.087655251650e-02
 -2.323784849816e-02
  2.808694596981e-02
 -1.107497215453e-02
 -3.687676585034e-02
 -4.931843511761e-02
 -4.839997995634e-02
 -3.412140036653e-02
 -6.482696348191e-03
  5.820222254832e-02
  1.904030442397e-02
 -6.761489271836e-03
 -1.920315853911e-02
 -1.828470337784e-02
 -4.006123788031e-03
  2.363258023031e-02
 -7.195957006648e-02
  1.747755671889e-01
  2.502398599731e-02
 -1.455632102207e-01
 -1.669942291469e-02
 -1.541352287094e-02
 -6.226315758768e-03
  3.594597365244e-02
  5.626645422509e-03
 -1.679137573900e-02
 -3.130808983209e-02
 -3.792349685675e-02
 -3.663759681300e-02
 -2.745038970083e-02
  2.262320677879e-02
 -7.696121451138e-03
 -3.011414261264e-02
 -4.463085670573e-02
 -5.124626373040e-02
 -4.996036368665e-02
 -4.077315657448e-02
  1.720174697356e-02
 -1.311758125637e-02
 -3.553560241787e-02
 -5.005231651096e-02
 -5.666772353563e-02
  9.446181765081e-01
 -4.619461637971e-02
  1.968159423675e-02
 -1.063773399317e-02
 -3.305575515468e-02
 -4.757246924777e-02
 -5.418787627244e-02
 -5.290197622869e-02
 -4.371476911652e-02
  3.006274856836e-02
 -2.565796615617e-04
 -2.267460082307e-02
 -3.719131491616e-02
 -4.380672194082e-02
 -4.252082189707e-02
 -3.333361478490e-02
  4.834520996840e-02
  1.802588173847e-02
 -4.392139423038e-03
 -1.890885351613e-02
 -2.552426054079e-02
 -2.423836049704e-02
 -1.505115338487e-02
 -1.353308385340e-01
  2.208011012960e-01
 -2.447521125687e-02
 -9.272083259370e-03
 -4.124183165174e-02
 -5.813875289187e-02
 -7.596918258143e-02
  2.036073256218e-02
  7.197845119749e-03
 -6.898550772109e-03
 -2.192845511339e-02
 -3.789186790410e-02
 -5.478878914423e-02
 -7.261921883378e-02
  2.277718786040e-02
  9.614300417966e-03
 -4.482095473893e-03
 -1.951199981518e-02
 -3.547541260588e-02
 -5.237233384601e-02
 -7.020276353557e-02
  2.426013470919e-02
  1.109724726676e-02
 -2.999148625100e-03
 -1.802905296638e-02
 -3.399246575709e-02
 -5.088938699722e-02
  9.312801833132e-01
  2.480957310856e-02
  1.164668566613e-02
 -2.449710225732e-03
 -1.747961456701e-02
 -3.344302735772e-02
 -5.033994859785e-02
 -6.817037828741e-02
  2.442550305850e-02
  1.126261561607e-02
 -2.833780275788e-03
 -1.786368461707e-02
 -3.382709740778e-02
 -5.072401864791e-02
 -6.855444833746e-02
  2.310792455902e-02
  9.945037116590e-03
 -4.151358775269e-03
 -1.918126311655e-02
 -3.514467590726e-02
 -5.204159714739e-02
 -6.987202683694e-02
 -1.497084430797e-01
 -1.910791393190e-01
  1.029785629399e-01
  1.176840632960e-02
  1.853164329749e-02
  3.036315139188e-02
  4.188076522656e-02
 -3.893799735712e-02
 -2.585091222393e-02
 -1.307772135044e-02
 -6.184247366521e-04
  1.152697761744e-02
  2.335848571182e-02
  3.487609954651e-02
 -4.625655729688e-02
 -3.316947216369e-02
 -2.039628129020e-02
 -7.936984676406e-03
  4.208417677682e-03
  1.603992577207e-02
  2.755753960675e-02
 -5.388901149633e-02
 -4.080192636314e-02
 -2.802873548965e-02
 -1.556943887586e-02
 -3.424036521773e-03
  8.407471572613e-03
  1.992508540730e-02
  9.381646400445e-01
 -4.874827482230e-02
 -3.597508394881e-02
 -2.351578733502e-02
 -1.137038498093e-02
  4.611231134567e-04
  1.197873694814e-02
 -7.009560267435e-02
 -5.700851754116e-02
 -4.423532666767e-02
 -3.177603005388e-02
 -1.963062769979e-02
 -7.799119605401e-03
  3.718494229284e-03
 -7.866973965291e-02
 -6.558265451972e-02
 -5.280946364622e-02
 -4.035016703244e-02
 -2.820476467835e-02
 -1.637325658396e-02
 -4.855642749275e-03
 -8.459926244896e-02
 -9.836849041846e-02
  1.313992790183e-01
 -1.183553234589e-01
  2.607664577621e-02
  4.567604127585e-02
  7.300671778657e-02
 -3.002584439817e-03
 -1.432831298450e-02
 -1.792276051811e-02
 -1.378592704063e-02
 -1.917812552072e-03
  1.768158294757e-02
  4.501225945829e-02
 -2.326576175702e-02
 -3.459149030171e-02
 -3.818593783531e-02
 -3.404910435783e-02
 -2.218098986928e-02
 -2.581594369637e-03
  2.474908214108e-02
 -3.579765806314e-02
 -4.712338660783e-02
 -5.071783414143e-02
 -4.658100066396e-02
 -3.471288617540e-02
 -1.511349067576e-02
  1.221718583496e-02
 -4.059827335819e-02
  9.480759980971e-01
 -5.551844943647e-02
 -5.138161595900e-02
 -3.951350147044e-02
 -1.991410597080e-02
  7.416570539919e-03
 -3.766760764215e-02
 -4.899333618683e-02
 -5.258778372044e-02
 -4.845095024296e-02
 -3.658283575440e-02
 -1.698344025476e-02
  1.034723625596e-02
 -2.700566091503e-02
 -3.833138945971e-02
 -4.192583699331e-02
 -3.778900351584e-02
 -2.592088902728e-02
 -6.321493527641e-03
  2.100918298308e-02
 -4.518617163784e-02
 -1.499486447658e-02
  1.442360124302e-01
 -1.951960818974e-01
  2.720416601178e-02
  4.938130717885e-02
  8.395890647005e-02
  2.262869767598e-02
 -4.795993653510e-03
 -1.982022685886e-02
 -2.244400194007e-02
 -1.266731889715e-02
  9.509822269917e-03
  4.408742156112e-02
 -4.842329108812e-03
 -3.226702043830e-02
 -4.729125364365e-02
 -4.991502872486e-02
 -4.013834568194e-02
 -1.796120451487e-02
  1.661639477633e-02
 -1.991289776946e-02
 -4.733758909895e-02
 -6.236182230430e-02
 -6.498559738552e-02
 -5.520891434259e-02
 -3.303177317553e-02
  1.545826115676e-03
 -2.258300830598e-02
 -5.000769963547e-02
  9.349680671592e-01
 -6.765570792203e-02
 -5.787902487910e-02
 -3.570188371204e-02
 -1.124284420838e-03
 -1.285266071836e-02
 -4.027735204784e-02
 -5.530158525319e-02
 -5.792536033441e-02
 -4.814867729148e-02
 -2.597153612442e-02
  8.606063166786e-03
  9.278144993407e-03
 -1.814654633608e-02
 -3.317077954143e-02
 -3.579455462264e-02
 -2.601787157972e-02
 -3.840730412655e-03
  3.073686887855e-02
 -3.146917064638e-02
  5.904173850663e-02
  1.414887631756e-01
 -2.187538689859e-01
  2.191420400420e-02
  4.147894910086e-02
  7.473733127699e-02
  3.795584899026e-02
  2.746045769044e-03
 -1.877012037270e-02
 -2.659264943498e-02
 -2.072154141779e-02
 -1.156796321126e-03
  3.210158585501e-02
  9.013740647747e-03
 -2.619606257347e-02
 -4.771222871522e-02
 -5.553475777750e-02
 -4.966364976030e-02
 -3.009890466364e-02
  3.159477512491e-03
 -6.234730615298e-03
 -4.144453383652e-02
 -6.296069997826e-02
 -7.078322904054e-02
 -6.491212102335e-02
 -4.534737592669e-02
 -1.208899375055e-02
 -7.789564798873e-03
 -4.299936802009e-02
 -6.451553416184e-02
  9.276619367759e-01
 -6.646695520692e-02
 -4.690221011026e-02
 -1.364382793413e-02
  4.349238097022e-03
 -3.086056512420e-02
 -5.237673126594e-02
 -6.019926032822e-02
 -5.432815231103e-02
 -3.476340721437e-02
 -1.505025038234e-03
  3.018167807239e-02
 -5.028125148831e-03
 -2.654429129058e-02
 -3.436682035286e-02
 -2.849571233566e-02
 -8.930967239001e-03
  2.432741493713e-02
 -4.344825947459e-02
  1.237413185312e-01
  1.231575312545e-01
 -1.890286847245e-01
  1.020675975346e-02
  2.196896704189e-02
  4.534199220740e-02
  4.297886950303e-02
  8.297805283160e-03
 -1.477244105964e-02
 -2.623186952536e-02
 -2.608048011400e-02
 -1.431827282556e-02
  9.054752339948e-03
  1.830244751266e-02
 -1.637861670722e-02
 -3.944886305001e-02
 -5.090829151573e-02
 -5.075690210438e-02
 -3.899469481594e-02
 -1.562166965043e-02
  5.236843399356e-03
 -2.944422082052e-02
 -5.251446716331e-02
 -6.397389562903e-02
 -6.382250621768e-02
 -5.206029892924e-02
 -2.868727376373e-02
  3.782057163133e-03
 -3.089900705674e-02
 -5.396925339954e-02
 -6.542868186526e-02
  9.347227075461e-01
 -5.351508516547e-02
 -3.014205999995e-02
  1.393808880399e-02
 -2.074297541589e-02
 -4.381322175868e-02
 -5.527265022440e-02
 -5.512126081305e-02
 -4.335905352461e-02
 -1.998602835910e-02
  3.570493832192e-02
  1.023874102044e-03
 -2.204637224075e-02
 -3.350580070647e-02
 -3.335441129512e-02
 -2.159220400668e-02
  1.780821158831e-03
 -8.112343812246e-02
  1.791038755970e-01
  8.924231666682e-02
 -1.060205291131e-01
 -7.918166740440e-03
 -9.148638998060e-03
 -4.227110738722e-03
  3.769775921429e-02
  1.185928488884e-02
 -7.827188919658e-03
 -2.136166221120e-02
 -2.874413498578e-02
 -2.997460724340e-02
 -2.505307898406e-02
  2.302379148592e-02
 -2.814682839538e-03
 -2.250115664804e-02
 -3.603562993957e-02
 -4.341810271415e-02
 -4.464857497177e-02
 -3.972704671243e-02
  1.450182427450e-02
 -1.133665005096e-02
 -3.102312385945e-02
 -4.455759715099e-02
 -5.194006992557e-02
 -5.317054218319e-02
 -4.824901392385e-02
  1.213185758004e-02
 -1.370661674542e-02
 -3.339309055391e-02
 -4.692756384545e-02
 -5.431003662003e-02
  9.444594911223e-01
 -5.061898061831e-02
  1.591389140254e-02
 -9.924582922917e-03
 -2.961105673141e-02
 -4.314553002295e-02
 -5.052800279753e-02
 -5.175847505515e-02
 -4.683694679581e-02
  2.584792574200e-02
  9.451416541281e-06
 -1.967702239196e-02
 -3.321149568349e-02
 -4.059396845807e-02
 -4.182444071569e-02
 -3.690291245636e-02
 -1.444947065900e-01
  2.251294097042e-01
  3.974311941263e-02
  3.027059784829e-02
 -3.246057547749e-02
 -5.187386901899e-02
 -7.396997756138e-02
  2.211251812404e-02
  1.343048458608e-02
  2.065636047231e-03
 -1.198202749250e-02
 -2.871250603312e-02
 -4.812579957462e-02
 -7.022190811701e-02
  2.317777256753e-02
  1.449573902957e-02
  3.130890490717e-03
 -1.091677304902e-02
 -2.764725158963e-02
 -4.706054513114e-02
 -6.915665367352e-02
  2.156021201013e-02
  1.287817847217e-02
  1.513329933318e-03
 -1.253433360641e-02
 -2.926481214703e-02
 -4.867810568853e-02
 -7.077421423092e-02
  1.725983645185e-02
  8.577802913883e-03
 -2.787045624965e-03
 -1.683470916470e-02
 -3.356518770532e-02
 -5.297848124682e-02
  9.249254102108e-01
  1.027664589268e-02
  1.594612354715e-03
 -9.770236184133e-03
 -2.381789972387e-02
 -4.054837826448e-02
 -5.996167180599e-02
 -8.205778034837e-02
  6.106403326253e-04
 -8.071393205338e-03
 -1.943624174419e-02
 -3.348390528392e-02
 -5.021438382454e-02
 -6.962767736604e-02
 -9.172378590843e-02
 -1.845684009554e-01
 -1.960878538696e-01
  1.516129109429e-01
  1.045940587872e-01
  2.089541722858e-02
  2.502041128377e-02
  2.370620637007e-02
 -4.749034259678e-02
 -2.160855266604e-02
 -1.165961704191e-03
  1.383743028877e-02
  2.340162331285e-02
  2.752661736804e-02
  2.621241245434e-02
 -5.042333548140e-02
 -2.454154555066e-02
 -4.098954588813e-03
  1.090443740415e-02
  2.046863042823e-02
  2.459362448341e-02
  2.327941956972e-02
 -5.879552733491e-02
 -3.291373740417e-02
 -1.247114644232e-02
  2.532245550641e-03
  1.209643857472e-02
  1.622143262991e-02
  1.490722771621e-02
 -7.260691815730e-02
 -4.672512822657e-02
 -2.628253726472e-02
 -1.127914527175e-02
 -1.714952247679e-03
  2.410041807509e-03
  1.095836893811e-03
  9.081424920514e-01
 -6.597571801785e-02
 -4.553312705600e-02
 -3.052973506304e-02
 -2.096554203896e-02
 -1.684054798377e-02
 -1.815475289747e-02
 -1.165472967088e-01
 -9.066550677802e-02
 -7.022291581617e-02
 -5.521952382321e-02
 -4.565533079913e-02
 -4.153033674394e-02
 -4.284454165764e-02
 -1.194592203246e-01
 -1.033772049690e-01
  1.800336270213e-01
 -2.552967100124e-02
  2.844041970731e-02
  4.033330116775e-02
  5.483215893008e-02
 -1.155492967947e-02
 -1.008595342661e-02
 -6.011000871855e-03
  6.699279847946e-04
  9.956833143340e-03
  2.184971460378e-02
  3.634857236612e-02
 -2.743253994154e-02
 -2.596356368868e-02
 -2.188861113393e-02
 -1.520768227728e-02
 -5.920777118732e-03
  5.972104341709e-03
  2.047096210405e-02
 -4.070417390172e-02
 -3.923519764886e-02
 -3.516024509410e-02
 -2.847931623745e-02
 -1.919241107891e-02
 -7.299529618467e-03
  7.199328143869e-03
 -5.136983156000e-02
 -4.990085530714e-02
 -4.582590275238e-02
 -3.914497389573e-02
 -2.985806873719e-02
 -1.796518727675e-02
 -3.466329514412e-03
 -5.942951291638e-02
  9.420394633365e-01
 -5.388558410877e-02
 -4.720465525212e-02
 -3.791775009357e-02
 -2.602486863313e-02
 -1.152601087080e-02
 -6.488321797087e-02
 -6.341424171801e-02
 -5.933928916326e-02
 -5.265836030661e-02
 -4.337145514806e-02
 -3.147857368762e-02
 -1.697971592529e-02
 -8.004612951349e-02
 -2.000357902713e-02
  1.928703604332e-01
 -1.023704294397e-01
  2.956793994288e-02
  4.403856707074e-02
  6.578434761356e-02
  1.407635243633e-02
 -5.536340956180e-04
 -7.908467212610e-03
 -7.988146914649e-03
 -7.926732017351e-04
  1.367795392613e-02
  3.542373446895e-02
 -9.009107293333e-03
 -2.363909382528e-02
 -3.099392694227e-02
 -3.107360664431e-02
 -2.387813293139e-02
 -9.407505803528e-03
  1.233827473929e-02
 -2.481941360804e-02
 -3.944940013998e-02
 -4.680423325697e-02
 -4.688391295901e-02
 -3.968843924610e-02
 -2.521781211823e-02
 -3.472031575415e-03
 -3.335456650779e-02
 -4.798455303974e-02
 -5.533938615673e-02
 -5.541906585877e-02
 -4.822359214585e-02
 -3.375296501799e-02
 -1.200718447517e-02
 -3.461456599259e-02
 -4.924455252454e-02
  9.434006143585e-01
 -5.667906534357e-02
 -4.948359163066e-02
 -3.501296450279e-02
 -1.326718395997e-02
 -2.859941206244e-02
 -4.322939859439e-02
 -5.058423171138e-02
 -5.066391141342e-02
 -4.346843770050e-02
 -2.899781057264e-02
 -7.252030029819e-03
 -6.632912852203e-02
  5.403302395608e-02
  1.901231111786e-01
 -1.259282165283e-01
  2.427797793529e-02
  3.613620899276e-02
  5.656277242050e-02
  2.940350375061e-02
  6.988405326936e-03
 -6.858360726453e-03
 -1.213679440956e-02
 -8.846895722377e-03
  3.011335335087e-03
  2.343789876284e-02
  4.846962463226e-03
 -1.756813596045e-02
 -3.141490201384e-02
 -3.669333569694e-02
 -3.340343700976e-02
 -2.154520595230e-02
 -1.118642524547e-03
 -1.114124645387e-02
 -3.355634487755e-02
 -4.740311093094e-02
 -5.268154461404e-02
 -4.939164592686e-02
 -3.753341486940e-02
 -1.710685144165e-02
 -1.856112300069e-02
 -4.097622142436e-02
 -5.482298747775e-02
 -6.010142116085e-02
 -5.681152247367e-02
 -4.495329141621e-02
 -2.452672798846e-02
 -1.741266717722e-02
 -3.982776560089e-02
 -5.367453165428e-02
  9.410470346626e-01
 -5.566306665020e-02
 -4.380483559274e-02
 -2.337827216499e-02
 -7.695878983462e-03
 -3.011097740714e-02
 -4.395774346052e-02
 -4.923617714363e-02
 -4.594627845645e-02
 -3.408804739898e-02
 -1.366148397123e-02
 -7.830821735024e-02
  1.187326039806e-01
  1.717918792575e-01
 -9.620303226684e-02
  1.257053368455e-02
  1.662622693379e-02
  2.716743335091e-02
  3.442652426338e-02
  1.254016484105e-02
 -2.860681413385e-03
 -1.177601449993e-02
 -1.420583441859e-02
 -1.015014116935e-02
  3.910652477774e-04
  1.413566932814e-02
 -7.750690094193e-03
 -2.315153634863e-02
 -3.206686943518e-02
 -3.449668935383e-02
 -3.044099610460e-02
 -1.989978968747e-02
  3.303275607822e-04
 -2.155603186155e-02
 -3.695687811598e-02
 -4.587221120253e-02
 -4.830203112119e-02
 -4.424633787195e-02
 -3.370513145482e-02
 -6.989501038680e-03
 -2.887586046101e-02
 -4.427670671545e-02
 -5.319203980199e-02
 -5.562185972065e-02
 -5.156616647141e-02
 -4.102496005428e-02
 -7.823816470252e-03
 -2.971017589258e-02
 -4.511102214702e-02
 -5.402635523357e-02
  9.435438248478e-01
 -5.240048190298e-02
 -4.185927548586e-02
 -2.172618733931e-03
 -2.405897815626e-02
 -3.945982441070e-02
 -4.837515749725e-02
 -5.080497741590e-02
 -4.674928416666e-02
 -3.620807774954e-02
 -1.159833959981e-01
  1.740951610464e-01
  1.378766646698e-01
 -1.319487665544e-02
 -5.554392809346e-03
 -1.449137910616e-02
 -2.240166959521e-02
  2.914541397464e-02
  1.610164444673e-02
  4.084570726593e-03
 -6.905807185772e-03
 -1.686948929036e-02
 -2.580647558718e-02
 -3.371676607623e-02
  1.885701330140e-02
  5.813243773486e-03
 -6.203829946652e-03
 -1.719420785902e-02
 -2.715788996361e-02
 -3.609487626043e-02
 -4.400516674947e-02
  9.595308435925e-03
 -3.448461091986e-03
 -1.546553481212e-02
 -2.645591272449e-02
 -3.641959482908e-02
 -4.535658112590e-02
 -5.326687161494e-02
  1.360299378226e-03
 -1.168347014968e-02
 -2.370054386982e-02
 -3.469092178219e-02
 -4.465460388678e-02
 -5.359159018360e-02
 -6.150188067264e-02
 -5.848013871700e-03
 -1.889178339961e-02
 -3.090885711975e-02
 -4.189923503211e-02
 -5.186291713670e-02
  9.392000965665e-01
 -6.871019392257e-02
 -1.202963131385e-02
 -2.507340084176e-02
 -3.709047456190e-02
 -4.808085247427e-02
 -5.804453457886e-02
 -6.698152087568e-02
 -7.489181136472e-02
 -1.793546644657e-01
  2.201206951536e-01
  8.837746741562e-02
  1.230962503059e-01
 -3.009680154640e-02
 -5.721660912710e-02
 -9.214453641787e-02
  1.356017288439e-02
  1.767284414397e-02
  1.397739569348e-02
  2.473827532922e-03
 -1.683786033771e-02
 -4.395766791841e-02
 -7.888559520918e-02
  1.901099438301e-02
  2.312366564259e-02
  1.942821719210e-02
  7.924649031541e-03
 -1.138703883909e-02
 -3.850684641979e-02
 -7.343477371056e-02
  1.665369617156e-02
  2.076636743114e-02
  1.707091898065e-02
  5.567350820088e-03
 -1.374433705054e-02
 -4.086414463124e-02
 -7.579207192201e-02
  6.488278250033e-03
  1.060094950961e-02
  6.905501059125e-03
 -4.598067101434e-03
 -2.390975497206e-02
 -5.102956255276e-02
 -8.595748984354e-02
 -1.148525938156e-02
 -7.372588121979e-03
 -1.106803657247e-02
 -2.257160473303e-02
 -4.188329260366e-02
 -6.900310018436e-02
  8.960689725249e-01
 -3.726691672322e-02
 -3.315424546364e-02
 -3.684969391413e-02
 -4.835326207469e-02
 -6.766494994532e-02
 -9.478475752602e-02
 -1.297126848168e-01
 -2.451244486507e-01
 -2.104335913788e-01
  1.846632762793e-01
  2.507026825948e-01
  1.684170891652e-02
  8.070047194685e-03
 -1.464211636295e-02
 -6.634681863794e-02
 -1.935647301659e-02
  1.369337076897e-02
  3.280271271873e-02
  3.797155283269e-02
  2.919989111086e-02
  6.487727553222e-03
 -5.915747655757e-02
 -1.216713093621e-02
  2.088271284934e-02
  3.999205479910e-02
  4.516089491306e-02
  3.638923319123e-02
  1.367706963359e-02
 -6.590863631299e-02
 -1.891829069164e-02
  1.413155309392e-02
  3.324089504368e-02
  3.840973515764e-02
  2.963807343580e-02
  6.925909878169e-03
 -8.660029790422e-02
 -3.960995228286e-02
 -6.560108497304e-03
  1.254923345246e-02
  1.771807356642e-02
  8.946411844580e-03
 -1.376575171305e-02
 -1.212324613312e-01
 -7.424211570988e-02
 -4.119227192433e-02
 -2.208292997457e-02
 -1.691408986060e-02
 -2.568575158244e-02
 -4.839791514007e-02
  8.301948734059e-01
 -1.228147809727e-01
 -8.976493718714e-02
 -7.065559523738e-02
 -6.548675512342e-02
 -7.425841684526e-02
 -9.697058040289e-02
 -1.800152680199e-01
 -1.177229424782e-01
  2.130839923578e-01
  1.205789528064e-01
  2.438671139525e-02
  2.338293707866e-02
  1.648383619706e-02
 -3.041140572063e-02
 -7.833873777156e-03
  8.848331601306e-03
  1.963521041475e-02
  2.452676266318e-02
  2.352298834660e-02
  1.662388746500e-02
 -3.616668101771e-02
 -1.358914907423e-02
  3.093056304229e-03
  1.387993511768e-02
  1.877148736611e-02
  1.776771304952e-02
  1.086861216792e-02
 -4.781728287980e-02
 -2.523975093633e-02
 -8.557545557863e-03
  2.229333255584e-03
  7.120885504015e-03
  6.117111187431e-03
 -7.819896941690e-04
 -6.536321130691e-02
 -4.278567936343e-02
 -2.610347398497e-02
 -1.531659517152e-02
 -1.042504292309e-02
 -1.142881723968e-02
 -1.832791812128e-02
 -8.880446629904e-02
 -6.622693435556e-02
 -4.954472897709e-02
 -3.875785016365e-02
 -3.386629791522e-02
 -3.487007223180e-02
 -4.176917311340e-02
 -1.181410478562e-01
  9.044364840873e-01
 -7.888131053423e-02
 -6.809443172079e-02
 -6.320287947236e-02
 -6.420665378894e-02
 -7.110575467054e-02
 -1.406021772088e-01
 -3.434931653636e-02
  2.259207257697e-01
  4.373819436785e-02
  2.551423163082e-02
  2.708820298166e-02
  2.743602488054e-02
 -4.780123604838e-03
  1.698445553836e-03
  6.950865260552e-03
  1.097713551531e-02
  1.377725631811e-02
  1.535122766895e-02
  1.569904956783e-02
 -1.774324836950e-02
 -1.126467921083e-02
 -6.012259504112e-03
 -1.985989249354e-03
  8.141315534452e-04
  2.388102904286e-03
  2.735924803169e-03
 -3.193252258613e-02
 -2.545395342745e-02
 -2.020153372073e-02
 -1.617526346598e-02
 -1.337514266318e-02
 -1.180117131234e-02
 -1.145334941345e-02
 -4.734794625471e-02
 -4.086937709603e-02
 -3.561695738932e-02
 -3.159068713456e-02
 -2.879056633176e-02
 -2.721659498092e-02
 -2.686877308203e-02
 -6.398951937525e-02
 -5.751095021657e-02
 -5.225853050985e-02
 -4.823226025510e-02
 -4.543213945230e-02
 -4.385816810146e-02
 -4.351034620257e-02
 -8.185724194774e-02
 -7.537867278907e-02
  9.298737469176e-01
 -6.609998282759e-02
 -6.329986202479e-02
 -6.172589067395e-02
 -6.137806877507e-02
 -1.268851762173e-01
  3.968728644684e-02
  2.231734765151e-01
  2.018040727932e-02
  2.022426962323e-02
  1.918584490367e-02
  1.821444968748e-02
  1.054702770945e-02
  9.240484976390e-03
  8.000971746709e-03
  6.828488020401e-03
  5.723033797467e-03
  4.684609077907e-03
  3.713213861720e-03
 -3.887178612943e-03
 -5.193721345999e-03
 -6.433234575680e-03
 -7.605718301988e-03
 -8.711172524922e-03
 -9.749597244482e-03
 -1.072099246067e-02
 -1.825435543196e-02
 -1.956089816501e-02
 -2.080041139470e-02
 -2.197289512100e-02
 -2.307834934394e-02
 -2.411677406350e-02
 -2.508816927968e-02
 -3.255450274760e-02
 -3.386104548066e-02
 -3.510055871034e-02
 -3.627304243664e-02
 -3.737849665958e-02
 -3.841692137914e-02
 -3.938831659532e-02
 -4.678762055987e-02
 -4.809416329292e-02
 -4.933367652260e-02
 -5.050616024891e-02
 -5.161161447185e-02
 -5.265003919141e-02
 -5.362143440759e-02
 -6.095370886876e-02
 -6.226025160182e-02
 -6.349976483150e-02
  9.353277514422e-01
 -6.577770278074e-02
 -6.681612750030e-02
 -6.778752271649e-02
 -1.388642650456e-01
  1.043868664714e-01
  2.048422445939e-01
  4.990559154075e-02
  8.516825372489e-03
 -3.241371552995e-04
 -1.118088938211e-02
  1.557004822222e-02
  1.479224449051e-02
  1.199865105978e-02
  7.189267930027e-03
  3.640951012576e-04
 -8.476867426531e-03
 -1.933361965334e-02
  5.401528251966e-03
  4.623724520256e-03
  1.830131089525e-03
 -2.979252040224e-03
 -9.804424868993e-03
 -1.864538739678e-02
 -2.950213962359e-02
 -6.782781417304e-03
 -7.560585149015e-03
 -1.035417857974e-02
 -1.516356170949e-02
 -2.198873453826e-02
 -3.082969706605e-02
 -4.168644929286e-02
 -2.098288078559e-02
 -2.176068451730e-02
 -2.455427794803e-02
 -2.936366107778e-02
 -3.618883390655e-02
 -4.502979643434e-02
 -5.588654866115e-02
 -3.719876985290e-02
 -3.797657358461e-02
 -4.077016701534e-02
 -4.557955014509e-02
 -5.240472297386e-02
 -6.124568550165e-02
 -7.210243772846e-02
 -5.543044861923e-02
 -5.620825235094e-02
 -5.900184578167e-02
 -6.381122891142e-02
  9.293635982598e-01
 -7.947736426798e-02
 -9.033411649479e-02
 -1.765394436934e-01
  1.597494235372e-01
  1.709270300063e-01
  1.329137471521e-01
 -9.608101121407e-03
 -3.144174319525e-02
 -6.074999232823e-02
  1.028893793348e-02
  1.835372409618e-02
  1.894390319975e-02
  1.205947524419e-02
 -2.299559770519e-03
 -2.413320184436e-02
 -5.344145097734e-02
  1.012287222523e-02
  1.818765838793e-02
  1.877783749150e-02
  1.189340953594e-02
 -2.465625478769e-03
 -2.429926755261e-02
 -5.360751668559e-02
  2.482199457839e-03
  1.054698562055e-02
  1.113716472412e-02
  4.252736768548e-03
 -1.010629824616e-02
 -3.193994032000e-02
 -6.124818945298e-02
 -1.263308036869e-02
 -4.568294205979e-03
 -3.978115102410e-03
 -1.086254305798e-02
 -2.522157807268e-02
 -4.705522014653e-02
 -7.636346927951e-02
 -3.522296725435e-02
 -2.715818109164e-02
 -2.656800198807e-02
 -3.345242994364e-02
 -4.781146495835e-02
 -6.964510703219e-02
 -9.895335616517e-02
 -6.528746119915e-02
 -5.722267503644e-02
 -5.663249593287e-02
 -6.351692388844e-02
 -7.787595890315e-02
  9.002903990230e-01
 -1.290178501100e-01
 -2.399107121610e-01
  2.057749576444e-01
  1.214278327521e-01
  2.692048741135e-01
 -3.415050985846e-02
 -7.416697321618e-02
 -1.304928591509e-01
 -5.296303156775e-03
  1.992492379343e-02
  2.883672816664e-02
  2.143910996288e-02
 -2.267930817863e-03
 -4.228439417559e-02
 -9.861028011030e-02
  1.027685330684e-02
  3.549808025704e-02
  4.440988463026e-02
  3.701226642649e-02
  1.330522564575e-02
 -2.671123771198e-02
 -8.303712364668e-02
  9.540587193470e-03
  3.476181414367e-02
  4.367361851689e-02
  3.627600031313e-02
  1.256895953238e-02
 -2.744750382534e-02
 -8.377338976005e-02
 -7.505101496880e-03
  1.771612545332e-02
  2.662792982654e-02
  1.923031162278e-02
 -4.476729157969e-03
 -4.449319251569e-02
 -1.008190784504e-01
 -4.086021276421e-02
 -1.563898581401e-02
 -6.727181440793e-03
 -1.412479964456e-02
 -3.783184042530e-02
 -7.784830378303e-02
 -1.341741897177e-01
 -9.052474660852e-02
 -6.530351965832e-02
 -5.639171528511e-02
 -6.378933348887e-02
 -8.749637426961e-02
 -1.275128376273e-01
  8.161612764380e-01
 -1.428571428571e-01
  0.000000000000e+00
  0.000000000000e+00
 -2.332847374079e-01
  0.000000000000e+00
  7.142857142857e-02
  0.000000000000e+00
  0.000000000000e+00
  0.000000000000e+00
  0.000000000000e+00
  7.142857142857e-02
  1.387489750521e-18
  0.000000000000e+00
  0.000000000000e+00
  0.000000000000e+00
  2.916059217599e-02
