#_1.r   2.|psi|   3.d|psi|/dr 

  0.0000    2.2062e+00    0.0000e+00
  0.0100    2.2060e+00   -4.2653e-02
  0.0200    2.2053e+00   -8.5263e-02
  0.0300    2.2043e+00   -1.2779e-01
  0.0400    2.2028e+00   -1.7018e-01
  0.0500    2.2009e+00   -2.1240e-01
  0.0600    2.1985e+00   -2.5440e-01
  0.0700    2.1958e+00   -2.9615e-01
  0.0800    2.1926e+00   -3.3760e-01
  0.0900    2.1890e+00   -3.7871e-01
  0.1000    2.1850e+00   -4.1944e-01
  0.1100    2.1807e+00   -4.5976e-01
  0.1200    2.1759e+00   -4.9961e-01
  0.1300    2.1707e+00   -5.3898e-01
  0.1400    2.1651e+00   -5.7782e-01
  0.1500    2.1591e+00   -6.1610e-01
  0.1600    2.1528e+00   -6.5379e-01
  0.1700    2.1460e+00   -6.9085e-01
  0.1800    2.1389e+00   -7.2725e-01
  0.1900    2.1315e+00   -7.6297e-01
  0.2000    2.1237e+00   -7.9798e-01
  0.2100    2.1155e+00   -8.3225e-01
  0.2200    2.1070e+00   -8.6576e-01
  0.2300    2.0982e+00   -8.9849e-01
  0.2400    2.0891e+00   -9.3041e-01
  0.2500    2.0796e+00   -9.6151e-01
  0.2600    2.0698e+00   -9.9177e-01
  0.2700    2.0598e+00   -1.0212e+00
  0.2800    2.0494e+00   -1.0497e+00
  0.2900    2.0388e+00   -1.0774e+00
  0.3000    2.0279e+00   -1.1041e+00
  0.3100    2.0167e+00   -1.1300e+00
  0.3200    2.0053e+00   -1.1549e+00
  0.3300    1.9936e+00   -1.1790e+00
  0.3400    1.9817e+00   -1.2021e+00
  0.3500    1.9696e+00   -1.2243e+00
  0.3600    1.9572e+00   -1.2455e+00
  0.3700    1.9447e+00   -1.2659e+00
  0.3800    1.9319e+00   -1.2853e+00
  0.3900    1.9190e+00   -1.3038e+00
  0.4000    1.9058e+00   -1.3214e+00
  0.4100    1.8925e+00   -1.3381e+00
  0.4200    1.8791e+00   -1.3538e+00
  0.4300    1.8655e+00   -1.3687e+00
  0.4400    1.8517e+00   -1.3827e+00
  0.4500    1.8378e+00   -1.3958e+00
  0.4600    1.8238e+00   -1.4081e+00
  0.4700    1.8097e+00   -1.4195e+00
  0.4800    1.7954e+00   -1.4300e+00
  0.4900    1.7811e+00   -1.4397e+00
  0.5000    1.7666e+00   -1.4486e+00
  0.5100    1.7521e+00   -1.4567e+00
  0.5200    1.7375e+00   -1.4640e+00
  0.5300    1.7228e+00   -1.4706e+00
  0.5400    1.7081e+00   -1.4764e+00
  0.5500    1.6933e+00   -1.4814e+00
  0.5600    1.6785e+00   -1.4857e+00
  0.5700    1.6636e+00   -1.4893e+00
  0.5800    1.6487e+00   -1.4923e+00
  0.5900    1.6337e+00   -1.4945e+00
  0.6000    1.6188e+00   -1.4962e+00
  0.6100    1.6038e+00   -1.4971e+00
  0.6200    1.5888e+00   -1.4975e+00
  0.6300    1.5739e+00   -1.4973e+00
  0.6400    1.5589e+00   -1.4965e+00
  0.6500    1.5439e+00   -1.4951e+00
  0.6600    1.5290e+00   -1.4932e+00
  0.6700    1.5141e+00   -1.4908e+00
  0.6800    1.4992e+00   -1.4879e+00
  0.6900    1.4843e+00   -1.4844e+00
  0.7000    1.4695e+00   -1.4806e+00
  0.7100    1.4547e+00   -1.4762e+00
  0.7200    1.4400e+00   -1.4714e+00
  0.7300    1.4253e+00   -1.4663e+00
  0.7400    1.4106e+00   -1.4607e+00
  0.7500    1.3961e+00   -1.4547e+00
  0.7600    1.3816e+00   -1.4484e+00
  0.7700    1.3671e+00   -1.4417e+00
  0.7800    1.3527e+00   -1.4347e+00
  0.7900    1.3384e+00   -1.4274e+00
  0.8000    1.3242e+00   -1.4198e+00
  0.8100    1.3100e+00   -1.4119e+00
  0.8200    1.2959e+00   -1.4037e+00
  0.8300    1.2819e+00   -1.3952e+00
  0.8400    1.2680e+00   -1.3866e+00
  0.8500    1.2542e+00   -1.3776e+00
  0.8600    1.2405e+00   -1.3685e+00
  0.8700    1.2268e+00   -1.3592e+00
  0.8800    1.2133e+00   -1.3497e+00
  0.8900    1.1999e+00   -1.3400e+00
  0.9000    1.1865e+00   -1.3301e+00
  0.9100    1.1732e+00   -1.3201e+00
  0.9200    1.1601e+00   -1.3099e+00
  0.9300    1.1471e+00   -1.2996e+00
  0.9400    1.1341e+00   -1.2892e+00
  0.9500    1.1213e+00   -1.2787e+00
  0.9600    1.1085e+00   -1.2681e+00
  0.9700    1.0959e+00   -1.2574e+00
  0.9800    1.0834e+00   -1.2466e+00
  0.9900    1.0710e+00   -1.2357e+00
  1.0000    1.0587e+00   -1.2248e+00
  1.0100    1.0465e+00   -1.2138e+00
  1.0200    1.0344e+00   -1.2027e+00
  1.0300    1.0224e+00   -1.1916e+00
  1.0400    1.0106e+00   -1.1805e+00
  1.0500    9.9882e-01   -1.1694e+00
  1.0600    9.8718e-01   -1.1582e+00
  1.0700    9.7565e-01   -1.1470e+00
  1.0800    9.6424e-01   -1.1358e+00
  1.0900    9.5294e-01   -1.1246e+00
  1.1000    9.4174e-01   -1.1134e+00
  1.1100    9.3067e-01   -1.1022e+00
  1.1200    9.1970e-01   -1.0911e+00
  1.1300    9.0884e-01   -1.0799e+00
  1.1400    8.9810e-01   -1.0688e+00
  1.1500    8.8747e-01   -1.0577e+00
  1.1600    8.7695e-01   -1.0466e+00
  1.1700    8.6654e-01   -1.0356e+00
  1.1800    8.5623e-01   -1.0246e+00
  1.1900    8.4604e-01   -1.0137e+00
  1.2000    8.3596e-01   -1.0028e+00
  1.2100    8.2599e-01   -9.9193e-01
  1.2200    8.1612e-01   -9.8113e-01
  1.2300    8.0636e-01   -9.7039e-01
  1.2400    7.9671e-01   -9.5971e-01
  1.2500    7.8717e-01   -9.4909e-01
  1.2600    7.7773e-01   -9.3854e-01
  1.2700    7.6840e-01   -9.2805e-01
  1.2800    7.5917e-01   -9.1763e-01
  1.2900    7.5005e-01   -9.0728e-01
  1.3000    7.4103e-01   -8.9700e-01
  1.3100    7.3211e-01   -8.8680e-01
  1.3200    7.2329e-01   -8.7667e-01
  1.3300    7.1457e-01   -8.6662e-01
  1.3400    7.0596e-01   -8.5665e-01
  1.3500    6.9744e-01   -8.4675e-01
  1.3600    6.8902e-01   -8.3694e-01
  1.3700    6.8070e-01   -8.2721e-01
  1.3800    6.7248e-01   -8.1756e-01
  1.3900    6.6435e-01   -8.0799e-01
  1.4000    6.5632e-01   -7.9851e-01
  1.4100    6.4838e-01   -7.8911e-01
  1.4200    6.4053e-01   -7.7980e-01
  1.4300    6.3278e-01   -7.7057e-01
  1.4400    6.2512e-01   -7.6143e-01
  1.4500    6.1755e-01   -7.5238e-01
  1.4600    6.1007e-01   -7.4342e-01
  1.4700    6.0268e-01   -7.3454e-01
  1.4800    5.9538e-01   -7.2575e-01
  1.4900    5.8817e-01   -7.1704e-01
  1.5000    5.8104e-01   -7.0843e-01
  1.5100    5.7400e-01   -6.9990e-01
  1.5200    5.6704e-01   -6.9146e-01
  1.5300    5.6017e-01   -6.8311e-01
  1.5400    5.5338e-01   -6.7484e-01
  1.5500    5.4667e-01   -6.6666e-01
  1.5600    5.4005e-01   -6.5857e-01
  1.5700    5.3350e-01   -6.5057e-01
  1.5800    5.2704e-01   -6.4265e-01
  1.5900    5.2065e-01   -6.3482e-01
  1.6000    5.1434e-01   -6.2708e-01
  1.6100    5.0811e-01   -6.1942e-01
  1.6200    5.0195e-01   -6.1184e-01
  1.6300    4.9587e-01   -6.0435e-01
  1.6400    4.8986e-01   -5.9695e-01
  1.6500    4.8393e-01   -5.8963e-01
  1.6600    4.7807e-01   -5.8239e-01
  1.6700    4.7228e-01   -5.7524e-01
  1.6800    4.6657e-01   -5.6816e-01
  1.6900    4.6092e-01   -5.6117e-01
  1.7000    4.5534e-01   -5.5426e-01
  1.7100    4.4983e-01   -5.4743e-01
  1.7200    4.4439e-01   -5.4068e-01
  1.7300    4.3902e-01   -5.3401e-01
  1.7400    4.3371e-01   -5.2742e-01
  1.7500    4.2847e-01   -5.2091e-01
  1.7600    4.2329e-01   -5.1447e-01
  1.7700    4.1818e-01   -5.0811e-01
  1.7800    4.1313e-01   -5.0183e-01
  1.7900    4.0814e-01   -4.9562e-01
  1.8000    4.0322e-01   -4.8949e-01
  1.8100    3.9835e-01   -4.8343e-01
  1.8200    3.9355e-01   -4.7744e-01
  1.8300    3.8881e-01   -4.7153e-01
  1.8400    3.8412e-01   -4.6569e-01
  1.8500    3.7949e-01   -4.5992e-01
  1.8600    3.7492e-01   -4.5422e-01
  1.8700    3.7041e-01   -4.4859e-01
  1.8800    3.6595e-01   -4.4303e-01
  1.8900    3.6155e-01   -4.3754e-01
  1.9000    3.5720e-01   -4.3211e-01
  1.9100    3.5290e-01   -4.2676e-01
  1.9200    3.4866e-01   -4.2147e-01
  1.9300    3.4447e-01   -4.1624e-01
  1.9400    3.4034e-01   -4.1108e-01
  1.9500    3.3625e-01   -4.0598e-01
  1.9600    3.3222e-01   -4.0095e-01
  1.9700    3.2823e-01   -3.9598e-01
  1.9800    3.2430e-01   -3.9107e-01
  1.9900    3.2041e-01   -3.8623e-01
  2.0000    3.1657e-01   -3.8144e-01
  2.0100    3.1278e-01   -3.7672e-01
  2.0200    3.0904e-01   -3.7205e-01
  2.0300    3.0534e-01   -3.6744e-01
  2.0400    3.0169e-01   -3.6289e-01
  2.0500    2.9808e-01   -3.5840e-01
  2.0600    2.9452e-01   -3.5396e-01
  2.0700    2.9100e-01   -3.4958e-01
  2.0800    2.8753e-01   -3.4526e-01
  2.0900    2.8410e-01   -3.4099e-01
  2.1000    2.8071e-01   -3.3677e-01
  2.1100    2.7736e-01   -3.3261e-01
  2.1200    2.7406e-01   -3.2850e-01
  2.1300    2.7079e-01   -3.2444e-01
  2.1400    2.6757e-01   -3.2043e-01
  2.1500    2.6438e-01   -3.1648e-01
  2.1600    2.6124e-01   -3.1257e-01
  2.1700    2.5813e-01   -3.0871e-01
  2.1800    2.5506e-01   -3.0491e-01
  2.1900    2.5203e-01   -3.0115e-01
  2.2000    2.4904e-01   -2.9743e-01
  2.2100    2.4609e-01   -2.9377e-01
  2.2200    2.4317e-01   -2.9015e-01
  2.2300    2.4028e-01   -2.8658e-01
  2.2400    2.3743e-01   -2.8305e-01
  2.2500    2.3462e-01   -2.7957e-01
  2.2600    2.3184e-01   -2.7613e-01
  2.2700    2.2910e-01   -2.7274e-01
  2.2800    2.2639e-01   -2.6939e-01
  2.2900    2.2371e-01   -2.6608e-01
  2.3000    2.2107e-01   -2.6282e-01
  2.3100    2.1845e-01   -2.5959e-01
  2.3200    2.1587e-01   -2.5641e-01
  2.3300    2.1333e-01   -2.5326e-01
  2.3400    2.1081e-01   -2.5016e-01
  2.3500    2.0832e-01   -2.4710e-01
  2.3600    2.0587e-01   -2.4407e-01
  2.3700    2.0344e-01   -2.4109e-01
  2.3800    2.0104e-01   -2.3814e-01
  2.3900    1.9868e-01   -2.3523e-01
  2.4000    1.9634e-01   -2.3235e-01
  2.4100    1.9403e-01   -2.2951e-01
  2.4200    1.9175e-01   -2.2671e-01
  2.4300    1.8950e-01   -2.2395e-01
  2.4400    1.8727e-01   -2.2121e-01
  2.4500    1.8507e-01   -2.1852e-01
  2.4600    1.8290e-01   -2.1586e-01
  2.4700    1.8075e-01   -2.1323e-01
  2.4800    1.7863e-01   -2.1063e-01
  2.4900    1.7654e-01   -2.0807e-01
  2.5000    1.7447e-01   -2.0554e-01
  2.5100    1.7243e-01   -2.0304e-01
  2.5200    1.7041e-01   -2.0058e-01
  2.5300    1.6842e-01   -1.9814e-01
  2.5400    1.6645e-01   -1.9574e-01
  2.5500    1.6450e-01   -1.9336e-01
  2.5600    1.6258e-01   -1.9102e-01
  2.5700    1.6068e-01   -1.8871e-01
  2.5800    1.5881e-01   -1.8642e-01
  2.5900    1.5696e-01   -1.8416e-01
  2.6000    1.5512e-01   -1.8194e-01
  2.6100    1.5332e-01   -1.7974e-01
  2.6200    1.5153e-01   -1.7756e-01
  2.6300    1.4976e-01   -1.7542e-01
  2.6400    1.4802e-01   -1.7330e-01
  2.6500    1.4630e-01   -1.7121e-01
  2.6600    1.4460e-01   -1.6915e-01
  2.6700    1.4292e-01   -1.6711e-01
  2.6800    1.4125e-01   -1.6509e-01
  2.6900    1.3961e-01   -1.6311e-01
  2.7000    1.3799e-01   -1.6114e-01
  2.7100    1.3639e-01   -1.5921e-01
  2.7200    1.3481e-01   -1.5729e-01
  2.7300    1.3324e-01   -1.5540e-01
  2.7400    1.3170e-01   -1.5354e-01
  2.7500    1.3017e-01   -1.5169e-01
  2.7600    1.2867e-01   -1.4987e-01
  2.7700    1.2718e-01   -1.4808e-01
  2.7800    1.2570e-01   -1.4630e-01
  2.7900    1.2425e-01   -1.4455e-01
  2.8000    1.2281e-01   -1.4282e-01
  2.8100    1.2139e-01   -1.4111e-01
  2.8200    1.1999e-01   -1.3942e-01
  2.8300    1.1861e-01   -1.3776e-01
  2.8400    1.1724e-01   -1.3611e-01
  2.8500    1.1588e-01   -1.3448e-01
  2.8600    1.1455e-01   -1.3288e-01
  2.8700    1.1323e-01   -1.3129e-01
  2.8800    1.1192e-01   -1.2973e-01
  2.8900    1.1063e-01   -1.2818e-01
  2.9000    1.0936e-01   -1.2666e-01
  2.9100    1.0810e-01   -1.2515e-01
  2.9200    1.0685e-01   -1.2366e-01
  2.9300    1.0562e-01   -1.2219e-01
  2.9400    1.0441e-01   -1.2074e-01
  2.9500    1.0321e-01   -1.1930e-01
  2.9600    1.0202e-01   -1.1788e-01
  2.9700    1.0085e-01   -1.1649e-01
  2.9800    9.9694e-02   -1.1510e-01
  2.9900    9.8550e-02   -1.1374e-01
  3.0000    9.7419e-02   -1.1239e-01
  3.0100    9.6302e-02   -1.1106e-01
  3.0200    9.5198e-02   -1.0974e-01
  3.0300    9.4107e-02   -1.0845e-01
  3.0400    9.3029e-02   -1.0716e-01
  3.0500    9.1964e-02   -1.0590e-01
  3.0600    9.0911e-02   -1.0465e-01
  3.0700    8.9871e-02   -1.0341e-01
  3.0800    8.8843e-02   -1.0219e-01
  3.0900    8.7827e-02   -1.0098e-01
  3.1000    8.6823e-02   -9.9792e-02
  3.1100    8.5831e-02   -9.8616e-02
  3.1200    8.4851e-02   -9.7454e-02
  3.1300    8.3882e-02   -9.6306e-02
  3.1400    8.2925e-02   -9.5173e-02
  3.1500    8.1978e-02   -9.4053e-02
  3.1600    8.1043e-02   -9.2947e-02
  3.1700    8.0120e-02   -9.1854e-02
  3.1800    7.9206e-02   -9.0775e-02
  3.1900    7.8304e-02   -8.9709e-02
  3.2000    7.7412e-02   -8.8656e-02
  3.2100    7.6531e-02   -8.7616e-02
  3.2200    7.5660e-02   -8.6589e-02
  3.2300    7.4799e-02   -8.5574e-02
  3.2400    7.3948e-02   -8.4571e-02
  3.2500    7.3108e-02   -8.3581e-02
  3.2600    7.2277e-02   -8.2602e-02
  3.2700    7.1455e-02   -8.1636e-02
  3.2800    7.0644e-02   -8.0681e-02
  3.2900    6.9842e-02   -7.9738e-02
  3.3000    6.9049e-02   -7.8806e-02
  3.3100    6.8266e-02   -7.7886e-02
  3.3200    6.7491e-02   -7.6977e-02
  3.3300    6.6726e-02   -7.6079e-02
  3.3400    6.5970e-02   -7.5191e-02
  3.3500    6.5222e-02   -7.4315e-02
  3.3600    6.4483e-02   -7.3449e-02
  3.3700    6.3753e-02   -7.2593e-02
  3.3800    6.3031e-02   -7.1748e-02
  3.3900    6.2318e-02   -7.0913e-02
  3.4000    6.1613e-02   -7.0088e-02
  3.4100    6.0916e-02   -6.9273e-02
  3.4200    6.0228e-02   -6.8468e-02
  3.4300    5.9547e-02   -6.7672e-02
  3.4400    5.8874e-02   -6.6886e-02
  3.4500    5.8209e-02   -6.6110e-02
  3.4600    5.7552e-02   -6.5343e-02
  3.4700    5.6902e-02   -6.4585e-02
  3.4800    5.6260e-02   -6.3836e-02
  3.4900    5.5626e-02   -6.3097e-02
  3.5000    5.4998e-02   -6.2366e-02
  3.5100    5.4378e-02   -6.1643e-02
  3.5200    5.3765e-02   -6.0930e-02
  3.5300    5.3160e-02   -6.0225e-02
  3.5400    5.2561e-02   -5.9529e-02
  3.5500    5.1969e-02   -5.8840e-02
  3.5600    5.1384e-02   -5.8160e-02
  3.5700    5.0806e-02   -5.7489e-02
  3.5800    5.0234e-02   -5.6825e-02
  3.5900    4.9669e-02   -5.6169e-02
  3.6000    4.9111e-02   -5.5521e-02
  3.6100    4.8559e-02   -5.4881e-02
  3.6200    4.8013e-02   -5.4248e-02
  3.6300    4.7474e-02   -5.3623e-02
  3.6400    4.6941e-02   -5.3005e-02
  3.6500    4.6414e-02   -5.2395e-02
  3.6600    4.5893e-02   -5.1792e-02
  3.6700    4.5378e-02   -5.1196e-02
  3.6800    4.4869e-02   -5.0607e-02
  3.6900    4.4366e-02   -5.0025e-02
  3.7000    4.3868e-02   -4.9450e-02
  3.7100    4.3377e-02   -4.8882e-02
  3.7200    4.2891e-02   -4.8321e-02
  3.7300    4.2410e-02   -4.7766e-02
  3.7400    4.1935e-02   -4.7218e-02
  3.7500    4.1466e-02   -4.6676e-02
  3.7600    4.1002e-02   -4.6141e-02
  3.7700    4.0543e-02   -4.5612e-02
  3.7800    4.0090e-02   -4.5090e-02
  3.7900    3.9641e-02   -4.4573e-02
  3.8000    3.9198e-02   -4.4063e-02
  3.8100    3.8760e-02   -4.3559e-02
  3.8200    3.8327e-02   -4.3060e-02
  3.8300    3.7899e-02   -4.2568e-02
  3.8400    3.7475e-02   -4.2081e-02
  3.8500    3.7057e-02   -4.1600e-02
  3.8600    3.6643e-02   -4.1125e-02
  3.8700    3.6235e-02   -4.0655e-02
  3.8800    3.5830e-02   -4.0191e-02
  3.8900    3.5431e-02   -3.9732e-02
  3.9000    3.5036e-02   -3.9279e-02
  3.9100    3.4645e-02   -3.8831e-02
  3.9200    3.4259e-02   -3.8388e-02
  3.9300    3.3877e-02   -3.7951e-02
  3.9400    3.3500e-02   -3.7518e-02
  3.9500    3.3127e-02   -3.7091e-02
  3.9600    3.2758e-02   -3.6669e-02
  3.9700    3.2394e-02   -3.6251e-02
  3.9800    3.2033e-02   -3.5839e-02
  3.9900    3.1677e-02   -3.5431e-02
  4.0000    3.1324e-02   -3.5028e-02
  4.0100    3.0976e-02   -3.4630e-02
  4.0200    3.0632e-02   -3.4237e-02
  4.0300    3.0291e-02   -3.3848e-02
  4.0400    2.9955e-02   -3.3463e-02
  4.0500    2.9622e-02   -3.3083e-02
  4.0600    2.9293e-02   -3.2708e-02
  4.0700    2.8968e-02   -3.2337e-02
  4.0800    2.8646e-02   -3.1970e-02
  4.0900    2.8329e-02   -3.1608e-02
  4.1000    2.8014e-02   -3.1249e-02
  4.1100    2.7704e-02   -3.0895e-02
  4.1200    2.7396e-02   -3.0545e-02
  4.1300    2.7093e-02   -3.0200e-02
  4.1400    2.6792e-02   -2.9858e-02
  4.1500    2.6496e-02   -2.9520e-02
  4.1600    2.6202e-02   -2.9186e-02
  4.1700    2.5912e-02   -2.8856e-02
  4.1800    2.5625e-02   -2.8530e-02
  4.1900    2.5341e-02   -2.8207e-02
  4.2000    2.5061e-02   -2.7888e-02
  4.2100    2.4783e-02   -2.7573e-02
  4.2200    2.4509e-02   -2.7262e-02
  4.2300    2.4238e-02   -2.6954e-02
  4.2400    2.3970e-02   -2.6650e-02
  4.2500    2.3705e-02   -2.6349e-02
  4.2600    2.3443e-02   -2.6052e-02
  4.2700    2.3184e-02   -2.5759e-02
  4.2800    2.2928e-02   -2.5468e-02
  4.2900    2.2675e-02   -2.5181e-02
  4.3000    2.2424e-02   -2.4898e-02
  4.3100    2.2177e-02   -2.4617e-02
  4.3200    2.1932e-02   -2.4340e-02
  4.3300    2.1690e-02   -2.4066e-02
  4.3400    2.1451e-02   -2.3795e-02
  4.3500    2.1214e-02   -2.3528e-02
  4.3600    2.0980e-02   -2.3263e-02
  4.3700    2.0749e-02   -2.3001e-02
  4.3800    2.0520e-02   -2.2743e-02
  4.3900    2.0294e-02   -2.2487e-02
  4.4000    2.0070e-02   -2.2235e-02
  4.4100    1.9849e-02   -2.1985e-02
  4.4200    1.9631e-02   -2.1738e-02
  4.4300    1.9414e-02   -2.1494e-02
  4.4400    1.9201e-02   -2.1253e-02
  4.4500    1.8989e-02   -2.1015e-02
  4.4600    1.8780e-02   -2.0779e-02
  4.4700    1.8574e-02   -2.0546e-02
  4.4800    1.8369e-02   -2.0316e-02
  4.4900    1.8167e-02   -2.0088e-02
  4.5000    1.7968e-02   -1.9863e-02
  4.5100    1.7770e-02   -1.9640e-02
  4.5200    1.7575e-02   -1.9420e-02
  4.5300    1.7382e-02   -1.9203e-02
  4.5400    1.7191e-02   -1.8988e-02
  4.5500    1.7002e-02   -1.8776e-02
  4.5600    1.6815e-02   -1.8566e-02
  4.5700    1.6631e-02   -1.8358e-02
  4.5800    1.6448e-02   -1.8153e-02
  4.5900    1.6268e-02   -1.7950e-02
  4.6000    1.6089e-02   -1.7749e-02
  4.6100    1.5913e-02   -1.7551e-02
  4.6200    1.5738e-02   -1.7355e-02
  4.6300    1.5565e-02   -1.7161e-02
  4.6400    1.5395e-02   -1.6970e-02
  4.6500    1.5226e-02   -1.6780e-02
  4.6600    1.5059e-02   -1.6593e-02
  4.6700    1.4894e-02   -1.6408e-02
  4.6800    1.4731e-02   -1.6225e-02
  4.6900    1.4570e-02   -1.6044e-02
  4.7000    1.4410e-02   -1.5865e-02
  4.7100    1.4252e-02   -1.5688e-02
  4.7200    1.4096e-02   -1.5514e-02
  4.7300    1.3942e-02   -1.5341e-02
  4.7400    1.3790e-02   -1.5170e-02
  4.7500    1.3639e-02   -1.5001e-02
  4.7600    1.3490e-02   -1.4834e-02
  4.7700    1.3342e-02   -1.4669e-02
  4.7800    1.3196e-02   -1.4506e-02
  4.7900    1.3052e-02   -1.4344e-02
  4.8000    1.2909e-02   -1.4185e-02
  4.8100    1.2768e-02   -1.4027e-02
  4.8200    1.2629e-02   -1.3871e-02
  4.8300    1.2491e-02   -1.3717e-02
  4.8400    1.2354e-02   -1.3565e-02
  4.8500    1.2220e-02   -1.3414e-02
  4.8600    1.2086e-02   -1.3265e-02
  4.8700    1.1954e-02   -1.3118e-02
  4.8800    1.1824e-02   -1.2972e-02
  4.8900    1.1695e-02   -1.2828e-02
  4.9000    1.1567e-02   -1.2686e-02
  4.9100    1.1441e-02   -1.2545e-02
  4.9200    1.1316e-02   -1.2406e-02
  4.9300    1.1193e-02   -1.2268e-02
  4.9400    1.1071e-02   -1.2132e-02
  4.9500    1.0950e-02   -1.1998e-02
  4.9600    1.0831e-02   -1.1865e-02
  4.9700    1.0713e-02   -1.1733e-02
  4.9800    1.0596e-02   -1.1603e-02
  4.9900    1.0481e-02   -1.1475e-02
  5.0000    1.0367e-02   -1.1348e-02
  5.0100    1.0254e-02   -1.1222e-02
  5.0200    1.0142e-02   -1.1098e-02
  5.0300    1.0032e-02   -1.0975e-02
  5.0400    9.9229e-03   -1.0853e-02
  5.0500    9.8149e-03   -1.0733e-02
  5.0600    9.7082e-03   -1.0615e-02
  5.0700    9.6026e-03   -1.0497e-02
  5.0800    9.4982e-03   -1.0381e-02
  5.0900    9.3950e-03   -1.0266e-02
  5.1000    9.2929e-03   -1.0153e-02
  5.1100    9.1919e-03   -1.0041e-02
  5.1200    9.0921e-03   -9.9299e-03
  5.1300    8.9933e-03   -9.8202e-03
  5.1400    8.8957e-03   -9.7117e-03
  5.1500    8.7991e-03   -9.6045e-03
  5.1600    8.7036e-03   -9.4985e-03
  5.1700    8.6091e-03   -9.3936e-03
  5.1800    8.5157e-03   -9.2899e-03
  5.1900    8.4233e-03   -9.1874e-03
  5.2000    8.3320e-03   -9.0861e-03
  5.2100    8.2416e-03   -8.9859e-03
  5.2200    8.1522e-03   -8.8868e-03
  5.2300    8.0639e-03   -8.7888e-03
  5.2400    7.9765e-03   -8.6919e-03
  5.2500    7.8900e-03   -8.5961e-03
  5.2600    7.8045e-03   -8.5013e-03
  5.2700    7.7200e-03   -8.4077e-03
  5.2800    7.6364e-03   -8.3150e-03
  5.2900    7.5537e-03   -8.2234e-03
  5.3000    7.4719e-03   -8.1329e-03
  5.3100    7.3910e-03   -8.0433e-03
  5.3200    7.3110e-03   -7.9548e-03
  5.3300    7.2319e-03   -7.8672e-03
  5.3400    7.1537e-03   -7.7806e-03
  5.3500    7.0763e-03   -7.6950e-03
  5.3600    6.9998e-03   -7.6103e-03
  5.3700    6.9241e-03   -7.5266e-03
  5.3800    6.8493e-03   -7.4438e-03
  5.3900    6.7752e-03   -7.3619e-03
  5.4000    6.7020e-03   -7.2810e-03
  5.4100    6.6296e-03   -7.2009e-03
  5.4200    6.5580e-03   -7.1218e-03
  5.4300    6.4872e-03   -7.0435e-03
  5.4400    6.4171e-03   -6.9661e-03
  5.4500    6.3479e-03   -6.8896e-03
  5.4600    6.2793e-03   -6.8139e-03
  5.4700    6.2116e-03   -6.7390e-03
  5.4800    6.1446e-03   -6.6650e-03
  5.4900    6.0783e-03   -6.5918e-03
  5.5000    6.0127e-03   -6.5194e-03
  5.5100    5.9479e-03   -6.4478e-03
  5.5200    5.8838e-03   -6.3771e-03
  5.5300    5.8203e-03   -6.3071e-03
  5.5400    5.7576e-03   -6.2378e-03
  5.5500    5.6956e-03   -6.1694e-03
  5.5600    5.6342e-03   -6.1017e-03
  5.5700    5.5735e-03   -6.0348e-03
  5.5800    5.5135e-03   -5.9686e-03
  5.5900    5.4542e-03   -5.9031e-03
  5.6000    5.3955e-03   -5.8384e-03
  5.6100    5.3374e-03   -5.7743e-03
  5.6200    5.2800e-03   -5.7110e-03
  5.6300    5.2232e-03   -5.6484e-03
  5.6400    5.1670e-03   -5.5865e-03
  5.6500    5.1114e-03   -5.5253e-03
  5.6600    5.0565e-03   -5.4647e-03
  5.6700    5.0021e-03   -5.4048e-03
  5.6800    4.9484e-03   -5.3456e-03
  5.6900    4.8952e-03   -5.2870e-03
  5.7000    4.8427e-03   -5.2291e-03
  5.7100    4.7907e-03   -5.1718e-03
  5.7200    4.7392e-03   -5.1152e-03
  5.7300    4.6883e-03   -5.0592e-03
  5.7400    4.6380e-03   -5.0038e-03
  5.7500    4.5883e-03   -4.9490e-03
  5.7600    4.5391e-03   -4.8948e-03
  5.7700    4.4904e-03   -4.8412e-03
  5.7800    4.4422e-03   -4.7882e-03
  5.7900    4.3946e-03   -4.7358e-03
  5.8000    4.3475e-03   -4.6840e-03
  5.8100    4.3009e-03   -4.6327e-03
  5.8200    4.2549e-03   -4.5820e-03
  5.8300    4.2093e-03   -4.5318e-03
  5.8400    4.1642e-03   -4.4823e-03
  5.8500    4.1196e-03   -4.4332e-03
  5.8600    4.0755e-03   -4.3847e-03
  5.8700    4.0319e-03   -4.3367e-03
  5.8800    3.9888e-03   -4.2893e-03
  5.8900    3.9462e-03   -4.2424e-03
  5.9000    3.9040e-03   -4.1960e-03
  5.9100    3.8622e-03   -4.1501e-03
  5.9200    3.8210e-03   -4.1047e-03
  5.9300    3.7801e-03   -4.0598e-03
  5.9400    3.7398e-03   -4.0154e-03
  5.9500    3.6998e-03   -3.9715e-03
  5.9600    3.6603e-03   -3.9280e-03
  5.9700    3.6213e-03   -3.8851e-03
  5.9800    3.5826e-03   -3.8426e-03
  5.9900    3.5444e-03   -3.8006e-03
  6.0000    3.5066e-03   -3.7590e-03
  6.0100    3.4692e-03   -3.7179e-03
  6.0200    3.4323e-03   -3.6773e-03
  6.0300    3.3957e-03   -3.6370e-03
  6.0400    3.3595e-03   -3.5973e-03
  6.0500    3.3237e-03   -3.5579e-03
  6.0600    3.2884e-03   -3.5190e-03
  6.0700    3.2534e-03   -3.4806e-03
  6.0800    3.2187e-03   -3.4425e-03
  6.0900    3.1845e-03   -3.4049e-03
  6.1000    3.1506e-03   -3.3676e-03
  6.1100    3.1172e-03   -3.3308e-03
  6.1200    3.0840e-03   -3.2944e-03
  6.1300    3.0513e-03   -3.2584e-03
  6.1400    3.0189e-03   -3.2227e-03
  6.1500    2.9868e-03   -3.1875e-03
  6.1600    2.9551e-03   -3.1526e-03
  6.1700    2.9238e-03   -3.1181e-03
  6.1800    2.8928e-03   -3.0840e-03
  6.1900    2.8621e-03   -3.0503e-03
  6.2000    2.8317e-03   -3.0169e-03
  6.2100    2.8017e-03   -2.9839e-03
  6.2200    2.7721e-03   -2.9513e-03
  6.2300    2.7427e-03   -2.9190e-03
  6.2400    2.7137e-03   -2.8871e-03
  6.2500    2.6850e-03   -2.8555e-03
  6.2600    2.6566e-03   -2.8242e-03
  6.2700    2.6285e-03   -2.7933e-03
  6.2800    2.6007e-03   -2.7628e-03
  6.2900    2.5732e-03   -2.7325e-03
  6.3000    2.5461e-03   -2.7026e-03
  6.3100    2.5192e-03   -2.6730e-03
  6.3200    2.4926e-03   -2.6437e-03
  6.3300    2.4663e-03   -2.6148e-03
  6.3400    2.4403e-03   -2.5862e-03
  6.3500    2.4146e-03   -2.5578e-03
  6.3600    2.3891e-03   -2.5298e-03
  6.3700    2.3640e-03   -2.5021e-03
  6.3800    2.3391e-03   -2.4747e-03
  6.3900    2.3145e-03   -2.4476e-03
  6.4000    2.2901e-03   -2.4207e-03
  6.4100    2.2661e-03   -2.3942e-03
  6.4200    2.2423e-03   -2.3679e-03
  6.4300    2.2187e-03   -2.3420e-03
  6.4400    2.1954e-03   -2.3163e-03
  6.4500    2.1724e-03   -2.2909e-03
  6.4600    2.1496e-03   -2.2657e-03
  6.4700    2.1271e-03   -2.2409e-03
  6.4800    2.1048e-03   -2.2163e-03
  6.4900    2.0827e-03   -2.1919e-03
  6.5000    2.0609e-03   -2.1678e-03
  6.5100    2.0394e-03   -2.1440e-03
  6.5200    2.0181e-03   -2.1205e-03
  6.5300    1.9970e-03   -2.0972e-03
  6.5400    1.9761e-03   -2.0741e-03
  6.5500    1.9555e-03   -2.0513e-03
  6.5600    1.9351e-03   -2.0287e-03
  6.5700    1.9149e-03   -2.0064e-03
  6.5800    1.8950e-03   -1.9843e-03
  6.5900    1.8752e-03   -1.9625e-03
  6.6000    1.8557e-03   -1.9409e-03
  6.6100    1.8364e-03   -1.9195e-03
  6.6200    1.8173e-03   -1.8983e-03
  6.6300    1.7985e-03   -1.8774e-03
  6.6400    1.7798e-03   -1.8567e-03
  6.6500    1.7613e-03   -1.8362e-03
  6.6600    1.7431e-03   -1.8159e-03
  6.6700    1.7250e-03   -1.7959e-03
  6.6800    1.7071e-03   -1.7761e-03
  6.6900    1.6895e-03   -1.7564e-03
  6.7000    1.6720e-03   -1.7370e-03
  6.7100    1.6547e-03   -1.7178e-03
  6.7200    1.6377e-03   -1.6988e-03
  6.7300    1.6208e-03   -1.6800e-03
  6.7400    1.6041e-03   -1.6614e-03
  6.7500    1.5875e-03   -1.6430e-03
  6.7600    1.5712e-03   -1.6248e-03
  6.7700    1.5550e-03   -1.6068e-03
  6.7800    1.5391e-03   -1.5889e-03
  6.7900    1.5233e-03   -1.5713e-03
  6.8000    1.5076e-03   -1.5538e-03
  6.8100    1.4922e-03   -1.5366e-03
  6.8200    1.4769e-03   -1.5195e-03
  6.8300    1.4618e-03   -1.5026e-03
  6.8400    1.4468e-03   -1.4858e-03
  6.8500    1.4321e-03   -1.4693e-03
  6.8600    1.4175e-03   -1.4529e-03
  6.8700    1.4030e-03   -1.4367e-03
  6.8800    1.3887e-03   -1.4207e-03
  6.8900    1.3746e-03   -1.4048e-03
  6.9000    1.3606e-03   -1.3891e-03
  6.9100    1.3468e-03   -1.3736e-03
  6.9200    1.3332e-03   -1.3582e-03
  6.9300    1.3197e-03   -1.3430e-03
  6.9400    1.3063e-03   -1.3279e-03
  6.9500    1.2931e-03   -1.3130e-03
  6.9600    1.2800e-03   -1.2983e-03
  6.9700    1.2671e-03   -1.2837e-03
  6.9800    1.2544e-03   -1.2693e-03
  6.9900    1.2417e-03   -1.2550e-03
  7.0000    1.2293e-03   -1.2408e-03
  7.0100    1.2169e-03   -1.2268e-03
  7.0200    1.2047e-03   -1.2130e-03
  7.0300    1.1927e-03   -1.1993e-03
  7.0400    1.1807e-03   -1.1857e-03
  7.0500    1.1690e-03   -1.1723e-03
  7.0600    1.1573e-03   -1.1590e-03
  7.0700    1.1458e-03   -1.1459e-03
  7.0800    1.1344e-03   -1.1329e-03
  7.0900    1.1231e-03   -1.1200e-03
  7.1000    1.1120e-03   -1.1072e-03
  7.1100    1.1010e-03   -1.0946e-03
  7.1200    1.0901e-03   -1.0821e-03
  7.1300    1.0793e-03   -1.0698e-03
  7.1400    1.0687e-03   -1.0576e-03
  7.1500    1.0582e-03   -1.0455e-03
  7.1600    1.0478e-03   -1.0335e-03
  7.1700    1.0375e-03   -1.0216e-03
  7.1800    1.0274e-03   -1.0099e-03
  7.1900    1.0173e-03   -9.9825e-04
  7.2000    1.0074e-03   -9.8675e-04
  7.2100    9.9758e-04   -9.7536e-04
  7.2200    9.8788e-04   -9.6409e-04
  7.2300    9.7829e-04   -9.5293e-04
  7.2400    9.6882e-04   -9.4189e-04
  7.2500    9.5946e-04   -9.3095e-04
  7.2600    9.5020e-04   -9.2013e-04
  7.2700    9.4105e-04   -9.0942e-04
  7.2800    9.3201e-04   -8.9881e-04
  7.2900    9.2308e-04   -8.8831e-04
  7.3000    9.1425e-04   -8.7791e-04
  7.3100    9.0552e-04   -8.6762e-04
  7.3200    8.9690e-04   -8.5743e-04
  7.3300    8.8837e-04   -8.4734e-04
  7.3400    8.7995e-04   -8.3735e-04
  7.3500    8.7163e-04   -8.2746e-04
  7.3600    8.6340e-04   -8.1766e-04
  7.3700    8.5527e-04   -8.0797e-04
  7.3800    8.4724e-04   -7.9836e-04
  7.3900    8.3931e-04   -7.8886e-04
  7.4000    8.3146e-04   -7.7944e-04
  7.4100    8.2372e-04   -7.7012e-04
  7.4200    8.1606e-04   -7.6089e-04
  7.4300    8.0850e-04   -7.5175e-04
  7.4400    8.0103e-04   -7.4270e-04
  7.4500    7.9364e-04   -7.3373e-04
  7.4600    7.8635e-04   -7.2485e-04
  7.4700    7.7915e-04   -7.1606e-04
  7.4800    7.7203e-04   -7.0735e-04
  7.4900    7.6500e-04   -6.9873e-04
  7.5000    7.5806e-04   -6.9019e-04
  7.5100    7.5120e-04   -6.8173e-04
  7.5200    7.4442e-04   -6.7335e-04
  7.5300    7.3773e-04   -6.6505e-04
  7.5400    7.3112e-04   -6.5683e-04
  7.5500    7.2459e-04   -6.4869e-04
  7.5600    7.1815e-04   -6.4062e-04
  7.5700    7.1178e-04   -6.3263e-04
  7.5800    7.0550e-04   -6.2471e-04
  7.5900    6.9929e-04   -6.1687e-04
  7.6000    6.9316e-04   -6.0910e-04
  7.6100    6.8711e-04   -6.0140e-04
  7.6200    6.8113e-04   -5.9378e-04
  7.6300    6.7523e-04   -5.8622e-04
  7.6400    6.6941e-04   -5.7874e-04
  7.6500    6.6366e-04   -5.7132e-04
  7.6600    6.5798e-04   -5.6397e-04
  7.6700    6.5238e-04   -5.5669e-04
  7.6800    6.4685e-04   -5.4947e-04
  7.6900    6.4139e-04   -5.4232e-04
  7.7000    6.3600e-04   -5.3523e-04
  7.7100    6.3068e-04   -5.2821e-04
  7.7200    6.2543e-04   -5.2125e-04
  7.7300    6.2026e-04   -5.1435e-04
  7.7400    6.1515e-04   -5.0751e-04
  7.7500    6.1011e-04   -5.0074e-04
  7.7600    6.0513e-04   -4.9402e-04
  7.7700    6.0023e-04   -4.8736e-04
  7.7800    5.9539e-04   -4.8076e-04
  7.7900    5.9061e-04   -4.7422e-04
  7.8000    5.8590e-04   -4.6773e-04
  7.8100    5.8126e-04   -4.6130e-04
  7.8200    5.7668e-04   -4.5492e-04
  7.8300    5.7216e-04   -4.4860e-04
  7.8400    5.6770e-04   -4.4233e-04
  7.8500    5.6331e-04   -4.3612e-04
  7.8600    5.5898e-04   -4.2996e-04
  7.8700    5.5471e-04   -4.2385e-04
  7.8800    5.5050e-04   -4.1779e-04
  7.8900    5.4636e-04   -4.1178e-04
  7.9000    5.4227e-04   -4.0581e-04
  7.9100    5.3824e-04   -3.9990e-04
  7.9200    5.3427e-04   -3.9404e-04
  7.9300    5.3036e-04   -3.8822e-04
  7.9400    5.2651e-04   -3.8245e-04
  7.9500    5.2271e-04   -3.7673e-04
  7.9600    5.1897e-04   -3.7105e-04
  7.9700    5.1529e-04   -3.6542e-04
  7.9800    5.1166e-04   -3.5983e-04
  7.9900    5.0809e-04   -3.5428e-04
  8.0000    5.0458e-04   -3.4878e-04
